8.3333760236200760e-02
8.3333778961635588e-02
8.3333798464385225e-02
8.3333818805688978e-02
8.3333839988275329e-02
8.3333862104761167e-02
8.3333885136653407e-02
8.3333909145191384e-02
8.3333934176910887e-02
8.3333960235601509e-02
8.3333987442226018e-02
8.3334015742214732e-02
8.3334045222879169e-02
8.3334075934241511e-02
8.3334107945878103e-02
8.3334141293410838e-02
8.3334175980629269e-02
8.3334212139106967e-02
8.3334249766115434e-02
8.3334288962002276e-02
8.3334329751475408e-02
8.3334372215176700e-02
8.3334416442388218e-02
8.3334462447207144e-02
8.3334510308911078e-02
8.3334560151039724e-02
8.3334611974654152e-02
8.3334665915723846e-02
8.3334722011992809e-02
8.3334780368356107e-02
8.3334841053632161e-02
8.3334904149978684e-02
8.3334969763654954e-02
8.3335037973332263e-02
8.3335108894668039e-02
8.3335182596783852e-02
8.3335259184271607e-02
8.3335338766270681e-02
8.3335421435094759e-02
8.3335507315496216e-02
8.3335596562998646e-02
8.3335689202613139e-02
8.3335785415632316e-02
8.3335885271177787e-02
8.3335988976311157e-02
8.3336096580296726e-02
8.3336208265942943e-02
8.3336324116013813e-02
8.3336444283304445e-02
8.3336568967752100e-02
8.3336698227867601e-02
8.3336832241608746e-02
8.3336971171471916e-02
8.3337115155851890e-02
8.3337264366188421e-02
8.3337418924656959e-02
8.3337579010882720e-02
8.3337744797214938e-02
8.3337916437206630e-02
8.3338094099265916e-02
8.3338277959228435e-02
8.3338468131842092e-02
8.3338664858729317e-02
8.3338868268432023e-02
8.3339078548306134e-02
8.3339295856603712e-02
8.3339520393110433e-02
8.3339752296978986e-02
8.3339991765114974e-02
8.3340238938338487e-02
8.3340494019163699e-02
8.3340757145985364e-02
8.3341028450377053e-02
8.3341308145918447e-02
8.3341596327954903e-02
8.3341893201274317e-02
8.3342198846973289e-02
8.3342513407084581e-02
8.3342836970738673e-02
8.3343169735447489e-02
8.3343511694844594e-02
8.3343863010062094e-02
8.3344223710052276e-02
8.3344593849384793e-02
8.3344973461710950e-02
8.3345362552032995e-02
8.3345761154911699e-02
8.3346169176820695e-02
8.3346586600479597e-02
8.3347013295830649e-02
8.3347449181625663e-02
8.3347894066870751e-02
8.3348347775123940e-02
8.3348810083710603e-02
8.3349280707049431e-02
8.3349759278007696e-02
8.3350245464771433e-02
8.3350738793797063e-02
8.3351238756525461e-02
8.3351744843791195e-02
8.3352256391056770e-02
8.3352772650717569e-02
8.3353292871682541e-02
8.3353816177047221e-02
8.3354341556211395e-02
8.3354867957799186e-02
8.3355394147019979e-02
8.3355918886506217e-02
8.3356440726674919e-02
8.3356958110471169e-02
8.3357469312280344e-02
8.3357972490375687e-02
8.3358465656147018e-02
8.3358946608768747e-02
8.3359412982948314e-02
8.3359862213607513e-02
8.3360291555436561e-02
8.3360698006041886e-02
8.3361078332472971e-02
8.3361429065613876e-02
8.3361746512309765e-02
8.3362026629401953e-02
8.3362265161971053e-02
8.3362457449159891e-02
8.3362598569389476e-02
8.3362683251986411e-02
8.3362705823825919e-02
8.3362660238284050e-02
8.3362540050226627e-02
8.3362338387966403e-02
8.3362047890811183e-02
8.3361660791827788e-02
8.3361168708658326e-02
8.3360562893631140e-02
8.3359833853137388e-02
8.3358971663074044e-02
8.3357965729343661e-02
8.3356804853337962e-02
8.3355477106882361e-02
8.3353969887260362e-02
8.3352269974360141e-02
8.3350363173546313e-02
8.3348234646109631e-02
8.3345868739343132e-02
8.3343248836475439e-02
8.3340357525988409e-02
8.3337176394252310e-02
8.3333686103287619e-02
8.3329866290417456e-02
8.3325695638298683e-02
8.3321151612684233e-02
8.3316210741941177e-02
8.3310848311460475e-02
8.3305038453242261e-02
8.3298754188642007e-02
8.3291967172499426e-02
8.3284647916570975e-02
8.3276765575343845e-02
8.3268288080337996e-02
8.3259181916825284e-02
8.3249412301180811e-02
8.3238943091752546e-02
8.3227736747176095e-02
8.3215754314551305e-02
8.3202955534185705e-02
8.3189298677249710e-02
8.3174740725553420e-02
8.3159237258617694e-02
8.3142742511730219e-02
8.3125209475383599e-02
8.3106589890727875e-02
8.3086834134367862e-02
8.3065891718282117e-02
8.3043710804759030e-02
8.3020238783471242e-02
8.2995421989987037e-02
8.2969206110040730e-02
8.2941536119506054e-02
8.2912356553151767e-02
8.2881611486148657e-02
8.2849244998214999e-02
8.2815201107829736e-02
8.2779424142245261e-02
8.2741858945003813e-02
8.2702451126654822e-02
8.2661147364888166e-02
8.2617895738167135e-02
8.2572646126512453e-02
8.2525350435995889e-02
8.2475963104722425e-02
8.2424441553788100e-02
8.2370746572754186e-02
8.2314842897176277e-02
8.2256699611510456e-02
8.2196290909602496e-02
8.2133596440598922e-02
8.2068602160537310e-02
8.2001300810437286e-02
8.1931692724083405e-02
8.1859786514238905e-02
8.1785599870878897e-02
8.1709160182829990e-02
8.1630505651598170e-02
8.1549685804475303e-02
8.1466762681278240e-02
8.1381811476603616e-02
8.1294921592871106e-02
8.1206197514196291e-02
8.1115759831391188e-02
8.1023746155703222e-02
8.0930312020579251e-02
8.0835631954262979e-02
8.0739900392472919e-02
8.0643332607147997e-02
8.0546165668844580e-02
8.0448659310756440e-02
8.0351096835935706e-02
8.0253785947964687e-02
8.0157059460210192e-02
8.0061276075715185e-02
7.9966821002320401e-02
7.9874106534134626e-02
7.9783572434128772e-02
7.9695686504389116e-02
7.9610944583540302e-02
7.9529870815804315e-02
7.9453017634023126e-02
7.9380965522432234e-02
7.9314322800504058e-02
7.9253725060880242e-02
7.9199834366742536e-02
7.9153338605768411e-02
7.9114950281412647e-02
7.9085405164278200e-02
7.9065460801151247e-02
7.9055894837286658e-02
7.9057502907138158e-02
7.9071096421709328e-02
7.9097500144598598e-02
7.9137549368321444e-02
7.9192086893423649e-02
7.9261959924527517e-02
7.9348016434020494e-02
7.9451101547116806e-02
7.9572053447767147e-02
7.9711699319886975e-02
7.9870850877947916e-02
8.0050299720520954e-02
8.0250812707618024e-02
8.0473126891471722e-02
8.0717944514162809e-02
8.0985927781966893e-02
8.1277693618479432e-02
8.1593808446086769e-02
8.1934782686706356e-02
8.2301065576909124e-02
8.2693039834794035e-02
8.3111016458436396e-02
8.3555229741402101e-02
8.4025832244151388e-02
8.4522890292494893e-02
8.5046379365849134e-02
8.5596179986472024e-02
8.6172073974921659e-02
8.6773740853459458e-02
8.7400754875792089e-02
8.8052582381048225e-02
8.8728579668895691e-02
8.9427991350930824e-02
9.0149949242155955e-02
9.0893471847721230e-02
9.1657464409005726e-02
9.2440719618480216e-02
9.3241918766883217e-02
9.4059633786097649e-02
9.4892329893961389e-02
9.5738376315087706e-02
9.6596009881523059e-02
9.7463412765743371e-02
9.8338678436599977e-02
9.9219771816630484e-02
1.0010461337045247e-01
1.0099104357899098e-01
1.0187683809954251e-01
1.0275971559660017e-01
1.0363734584810420e-01
1.0450735824815638e-01
1.0536735052050972e-01
1.0621489793265937e-01
1.0704756245308999e-01
1.0786290225829968e-01
1.0865848127089824e-01
1.0943187876099121e-01
1.1018069895438505e-01
1.1090258047632535e-01
1.1159520577424094e-01
1.1225631030447403e-01
1.1288369145040633e-01
1.1347521716652409e-01
1.1402883431249695e-01
1.1454257646384274e-01
1.1501457144034551e-01
1.1544304827975793e-01
1.1582634362222659e-01
1.1616290765876632e-01
1.1645130947514797e-01
1.1669024172996008e-01
1.1687852475984073e-01
1.1701511006572218e-01
1.1709908308822985e-01
1.1712966543821797e-01
1.1710621637363754e-01
1.1702823368257971e-01
1.1689535389647669e-01
1.1670735200633924e-01
1.1646414034415405e-01
1.1616576710738021e-01
1.1581241417305439e-01
1.1540439447200394e-01
1.1494214873804746e-01
1.1442624195334854e-01
1.1385735918239941e-01
1.1323630110871363e-01
1.1256397917012843e-01
1.1184141036574147e-01
1.1106971173429277e-01
1.1025009467815987e-01
1.0938385894481446e-01
1.0847238651141804e-01
1.0751713533219724e-01
1.0651963291930618e-01
1.0548146993589096e-01
1.0440429370676914e-01
1.0328980172126496e-01
1.0213973523301927e-01
1.0095587284289802e-01
9.9740024234923411e-02
9.8494023982463361e-02
9.7219725531848170e-02
9.5918995324988529e-02
9.4593707127349561e-02
9.3245736538203047e-02
9.1876955695018594e-02
9.0489228295079258e-02
8.9084404734819600e-02
8.7664317619423102e-02
8.6230777450490834e-02
8.4785568609769754e-02
8.3330445617605164e-02
8.1867129657174090e-02
8.0397305354305601e-02
7.8922617860674407e-02
7.7444670189114120e-02
7.5965020809633188e-02
7.4485181513428714e-02
7.3006615552174026e-02
7.1530735994429051e-02
7.0058904343492642e-02
6.8592429396460375e-02
6.7132566302613370e-02
6.5680515871993819e-02
6.4237424072511359e-02
6.2804381709781865e-02
6.1382424326912620e-02
5.9972532251000153e-02
5.8575630821773451e-02
5.7192590762980444e-02
5.5824228708511704e-02
5.4471307846303794e-02
5.3134538704853185e-02
5.1814580030632364e-02
5.0512039777316886e-02
4.9227476196781104e-02
4.7961398984890970e-02
4.6714270533243507e-02
4.5486507215609130e-02
4.4278480750354753e-02
4.3090519597399179e-02
4.1922910402670745e-02
4.0775899464118005e-02
3.9649694235132905e-02
3.8544464834198301e-02
3.7460345574335939e-02
3.6397436495064994e-02
3.5355804891366915e-02
3.4335486849812469e-02
3.3336488756380810e-02
3.2358788809735493e-02
3.1402338509224137e-02
3.0467064115621650e-02
2.9552868099633162e-02
2.8659630553519833e-02
2.7787210579314586e-02
2.6935447641624439e-02
2.6104162887468380e-02
2.5293160430067019e-02
2.4502228598928848e-02
2.3731141144674932e-02
2.2979658413168142e-02
2.2247528471690241e-02
2.1534488201690277e-02
2.0840264344580344e-02
2.0164574509441497e-02
1.9507128141929304e-02
1.8867627445369333e-02
1.8245768268466616e-02
1.7641240946981423e-02
1.7053731108677066e-02
1.6482920437949151e-02
1.5928487400377851e-02
1.5390107931757768e-02
1.4867456086778455e-02
1.4360204654759437e-02
1.3868025736584855e-02
1.3390591289486053e-02
1.2927573637230219e-02
1.2478645947157455e-02
1.2043482677344267e-02
1.1621759992950823e-02
1.1213156149812184e-02
1.0817351857286420e-02
1.0434030604869804e-02
1.0062878969473369e-02
9.7035868946223989e-03
9.3558479460658841e-03
9.0193595453023079e-03
8.6938231795095078e-03
8.3789445931448849e-03
8.0744339566460131e-03
7.7800060195253691e-03
7.4953802423808709e-03
7.2202809145250528e-03
6.9544372543965949e-03
6.6975834941658263e-03
6.4494589519448198e-03
6.2098080884484359e-03
5.9783805530599921e-03
5.7549312156339738e-03
5.5392201897070947e-03
5.3310128435573034e-03
5.1300798024254135e-03
4.9361969411538809e-03
4.7491453692979730e-03
4.5687114073107438e-03
4.3946865566410294e-03
4.2268674628231180e-03
4.0650558721247636e-03
3.9090585832018592e-03
3.7586873934092324e-03
3.6137590403525857e-03
3.4740951396265984e-03
3.3395221186468169e-03
3.2098711466878407e-03
3.0849780628153431e-03
2.9646833000945469e-03
2.8488318083640016e-03
2.7372729746799607e-03
2.6298605415811713e-03
2.5264525249409551e-03
2.4269111294830856e-03
2.3311026643574686e-03
2.2388974569868361e-03
2.1501697674229567e-03
2.0647977016376253e-03
1.9826631249080981e-03
1.9036515752389367e-03
1.8276521771077487e-03
1.7545575551600006e-03
1.6842637486590799e-03
1.6166701266377241e-03
1.5516793031237579e-03
1.4891970539162951e-03
1.4291322337198764e-03
1.3713966943034173e-03
1.3159052040811285e-03
1.2625753681908176e-03
1.2113275501882310e-03
1.1620847948342987e-03
1.1147727520547750e-03
1.0693196023086788e-03
1.0256559833083934e-03
9.8371491791956101e-04
9.4343174371728600e-04
9.0474404375839867e-04
8.6759157890847760e-04
8.3191622149965860e-04
7.9766189051847880e-04
7.6477448819682137e-04
7.3320183811342865e-04
7.0289362470428907e-04
6.7380133424836208e-04
6.4587819725758777e-04
6.1907913237983314e-04
5.9336069165579397e-04
5.6868100722562431e-04
5.4499973940232615e-04
5.2227802620515484e-04
5.0047843413551318e-04
4.7956491045764160e-04
4.5950273661935864e-04
4.4025848317278776e-04
4.2179996586614682e-04
4.0409620299715804e-04
3.8711737408921493e-04
3.7083477970301093e-04
3.5522080250886362e-04
3.4024886946126820e-04
3.2589341519288312e-04
3.1212984649279613e-04
2.9893450789612402e-04
2.8628464829760780e-04
2.7415838871769349e-04
2.6253469099420573e-04
2.5139332750682514e-04
2.4071485189136599e-04
2.3048057070033470e-04
2.2067251594263629e-04
2.1127341860212775e-04
2.0226668295453276e-04
1.9363636181847962e-04
1.8536713255325651e-04
1.7744427392279993e-04
1.6985364373469278e-04
1.6258165721683149e-04
1.5561526616251578e-04
1.4894193877272124e-04
1.4254964022484642e-04
1.3642681387426858e-04
1.3056236315987327e-04
1.2494563411217610e-04
1.1956639850208006e-04
1.1441483756273001e-04
1.0948152631386672e-04
1.0475741844234721e-04
1.0023383171017808e-04
9.5902433907252282e-05
9.1755229306683672e-05
8.7784545612978881e-05
8.3983021381720910e-05
8.0343593906277252e-05
7.6859487547847882e-05
7.3524202500415317e-05
7.0331503958418848e-05
6.7275411704352070e-05
6.4350190072152522e-05
6.1550338290842596e-05
5.8870581189659120e-05
5.6305860250645733e-05
5.3851325003656525e-05
5.1502324746062943e-05
4.9254400569173629e-05
4.7103277700776457e-05
4.5044858131999356e-05
4.3075213525626634e-05
4.1190578401031908e-05
3.9387343581128352e-05
3.7662049888277184e-05
3.6011382086304868e-05
3.4432163060769495e-05
3.2921348217779256e-05
3.1476020108949419e-05
3.0093383262264073e-05
2.8770759213522790e-05
2.7505581739468526e-05
2.6295392268854228e-05
2.5137835485011344e-05
2.4030655091255664e-05
2.2971689752265823e-05
2.1958869193728730e-05
2.0990210453269060e-05
2.0063814287150001e-05
1.9177861714643935e-05
1.8330610704523260e-05
1.7520392991673961e-05
1.6745611021604562e-05
1.6004735019559124e-05
1.5296300175942263e-05
1.4618903944350892e-05
1.3971203452999015e-05
1.3351913015172134e-05
1.2759801744197571e-05
1.2193691264937115e-05
1.1652453517839908e-05
1.1135008650776934e-05
1.0640323000258902e-05
1.0167407152727783e-05
9.7153140852362461e-06
9.2831373828955455e-06
8.8700095299311856e-06
8.4751002696672549e-06
8.0976150335192176e-06
7.7367934328206878e-06
7.3919078147424711e-06
7.0622618769724628e-06
6.7471893395795500e-06
6.4460526721620004e-06
6.1582418740951479e-06
5.8831733044656153e-06
5.6202885620297571e-06
5.3690534105333794e-06
5.1289567494661875e-06
4.8995096280039091e-06
4.6802442993099103e-06
4.4707133151118917e-06
4.2704886581487510e-06
4.0791609105204447e-06
3.8963384576233785e-06
3.7216467247466051e-06
3.5547274466190873e-06
3.3952379669309591e-06
3.2428505679739255e-06
3.0972518282627523e-06
2.9581420074748879e-06
2.8252344571302068e-06
2.6982550565505851e-06
2.5769416724675163e-06
2.4610436416266693e-06
2.3503212754190949e-06
2.2445453854430301e-06
