-6.9250000000001783e+00
-6.9000000000001798e+00
-6.8750000000001812e+00
-6.8500000000001826e+00
-6.8250000000001840e+00
-6.8000000000001855e+00
-6.7750000000001869e+00
-6.7500000000001883e+00
-6.7250000000001897e+00
-6.7000000000001911e+00
-6.6750000000001926e+00
-6.6500000000001940e+00
-6.6250000000001954e+00
-6.6000000000001968e+00
-6.5750000000001982e+00
-6.5500000000001997e+00
-6.5250000000002011e+00
-6.5000000000002025e+00
-6.4750000000002039e+00
-6.4500000000002053e+00
-6.4250000000002068e+00
-6.4000000000002082e+00
-6.3750000000002096e+00
-6.3500000000002110e+00
-6.3250000000002125e+00
-6.3000000000002139e+00
-6.2750000000002153e+00
-6.2500000000002167e+00
-6.2250000000002181e+00
-6.2000000000002196e+00
-6.1750000000002210e+00
-6.1500000000002224e+00
-6.1250000000002238e+00
-6.1000000000002252e+00
-6.0750000000002267e+00
-6.0500000000002281e+00
-6.0250000000002295e+00
-6.0000000000002309e+00
-5.9750000000002323e+00
-5.9500000000002338e+00
-5.9250000000002352e+00
-5.9000000000002366e+00
-5.8750000000002380e+00
-5.8500000000002395e+00
-5.8250000000002409e+00
-5.8000000000002423e+00
-5.7750000000002437e+00
-5.7500000000002451e+00
-5.7250000000002466e+00
-5.7000000000002480e+00
-5.6750000000002494e+00
-5.6500000000002508e+00
-5.6250000000002522e+00
-5.6000000000002537e+00
-5.5750000000002551e+00
-5.5500000000002565e+00
-5.5250000000002579e+00
-5.5000000000002593e+00
-5.4750000000002608e+00
-5.4500000000002622e+00
-5.4250000000002636e+00
-5.4000000000002650e+00
-5.3750000000002665e+00
-5.3500000000002679e+00
-5.3250000000002693e+00
-5.3000000000002707e+00
-5.2750000000002721e+00
-5.2500000000002736e+00
-5.2250000000002750e+00
-5.2000000000002764e+00
-5.1750000000002778e+00
-5.1500000000002792e+00
-5.1250000000002807e+00
-5.1000000000002821e+00
-5.0750000000002835e+00
-5.0500000000002849e+00
-5.0250000000002863e+00
-5.0000000000002878e+00
-4.9750000000002892e+00
-4.9500000000002906e+00
-4.9250000000002920e+00
-4.9000000000002935e+00
-4.8750000000002949e+00
-4.8500000000002963e+00
-4.8250000000002977e+00
-4.8000000000002991e+00
-4.7750000000003006e+00
-4.7500000000003020e+00
-4.7250000000003034e+00
-4.7000000000003048e+00
-4.6750000000003062e+00
-4.6500000000003077e+00
-4.6250000000003091e+00
-4.6000000000003105e+00
-4.5750000000003119e+00
-4.5500000000003133e+00
-4.5250000000003148e+00
-4.5000000000003162e+00
-4.4750000000003176e+00
-4.4500000000003190e+00
-4.4250000000003205e+00
-4.4000000000003219e+00
-4.3750000000003233e+00
-4.3500000000003247e+00
-4.3250000000003261e+00
-4.3000000000003276e+00
-4.2750000000003290e+00
-4.2500000000003304e+00
-4.2250000000003318e+00
-4.2000000000003332e+00
-4.1750000000003347e+00
-4.1500000000003361e+00
-4.1250000000003375e+00
-4.1000000000003389e+00
-4.0750000000003403e+00
-4.0500000000003418e+00
-4.0250000000003432e+00
-4.0000000000003446e+00
-3.9750000000003460e+00
-3.9500000000003475e+00
-3.9250000000003489e+00
-3.9000000000003503e+00
-3.8750000000003517e+00
-3.8500000000003531e+00
-3.8250000000003546e+00
-3.8000000000003560e+00
-3.7750000000003574e+00
-3.7500000000003588e+00
-3.7250000000003602e+00
-3.7000000000003617e+00
-3.6750000000003631e+00
-3.6500000000003645e+00
-3.6250000000003659e+00
-3.6000000000003674e+00
-3.5750000000003688e+00
-3.5500000000003702e+00
-3.5250000000003716e+00
-3.5000000000003730e+00
-3.4750000000003745e+00
-3.4500000000003759e+00
-3.4250000000003773e+00
-3.4000000000003787e+00
-3.3750000000003801e+00
-3.3500000000003816e+00
-3.3250000000003830e+00
-3.3000000000003844e+00
-3.2750000000003858e+00
-3.2500000000003872e+00
-3.2250000000003887e+00
-3.2000000000003901e+00
-3.1750000000003915e+00
-3.1500000000003929e+00
-3.1250000000003944e+00
-3.1000000000003958e+00
-3.0750000000003972e+00
-3.0500000000003986e+00
-3.0250000000004000e+00
-3.0000000000004015e+00
-2.9750000000004029e+00
-2.9500000000004043e+00
-2.9250000000004057e+00
-2.9000000000004071e+00
-2.8750000000004086e+00
-2.8500000000004100e+00
-2.8250000000004114e+00
-2.8000000000004128e+00
-2.7750000000004142e+00
-2.7500000000004157e+00
-2.7250000000004171e+00
-2.7000000000004185e+00
-2.6750000000004199e+00
-2.6500000000004214e+00
-2.6250000000004228e+00
-2.6000000000004242e+00
-2.5750000000004256e+00
-2.5500000000004270e+00
-2.5250000000004285e+00
-2.5000000000004299e+00
-2.4750000000004313e+00
-2.4500000000004327e+00
-2.4250000000004341e+00
-2.4000000000004356e+00
-2.3750000000004370e+00
-2.3500000000004384e+00
-2.3250000000004398e+00
-2.3000000000004412e+00
-2.2750000000004427e+00
-2.2500000000004441e+00
-2.2250000000004455e+00
-2.2000000000004469e+00
-2.1750000000004484e+00
-2.1500000000004498e+00
-2.1250000000004512e+00
-2.1000000000004526e+00
-2.0750000000004540e+00
-2.0500000000004555e+00
-2.0250000000004569e+00
-2.0000000000004583e+00
-1.9750000000004597e+00
-1.9500000000004611e+00
-1.9250000000004626e+00
-1.9000000000004640e+00
-1.8750000000004654e+00
-1.8500000000004668e+00
-1.8250000000004682e+00
-1.8000000000004697e+00
-1.7750000000004711e+00
-1.7500000000004725e+00
-1.7250000000004739e+00
-1.7000000000004754e+00
-1.6750000000004768e+00
-1.6500000000004782e+00
-1.6250000000004796e+00
-1.6000000000004810e+00
-1.5750000000004825e+00
-1.5500000000004839e+00
-1.5250000000004853e+00
-1.5000000000004867e+00
-1.4750000000004881e+00
-1.4500000000004896e+00
-1.4250000000004910e+00
-1.4000000000004924e+00
-1.3750000000004938e+00
-1.3500000000004952e+00
-1.3250000000004967e+00
-1.3000000000004981e+00
-1.2750000000004995e+00
-1.2500000000005009e+00
-1.2250000000005024e+00
-1.2000000000005038e+00
-1.1750000000005052e+00
-1.1500000000005066e+00
-1.1250000000005080e+00
-1.1000000000005095e+00
-1.0750000000005109e+00
-1.0500000000005123e+00
-1.0250000000005137e+00
-1.0000000000005151e+00
-9.7500000000051656e-01
-9.5000000000051799e-01
-9.2500000000051941e-01
-9.0000000000052083e-01
-8.7500000000052225e-01
-8.5000000000052367e-01
-8.2500000000052509e-01
-8.0000000000052651e-01
-7.7500000000052793e-01
-7.5000000000052935e-01
-7.2500000000053078e-01
-7.0000000000053220e-01
-6.7500000000053362e-01
-6.5000000000053504e-01
-6.2500000000053646e-01
-6.0000000000053788e-01
-5.7500000000053930e-01
-5.5000000000054072e-01
-5.2500000000054214e-01
-5.0000000000054357e-01
-4.7500000000054499e-01
-4.5000000000054641e-01
-4.2500000000054783e-01
-4.0000000000054925e-01
-3.7500000000055067e-01
-3.5000000000055209e-01
-3.2500000000055351e-01
-3.0000000000055493e-01
-2.7500000000055635e-01
-2.5000000000055778e-01
-2.2500000000055920e-01
-2.0000000000056062e-01
-1.7500000000056204e-01
-1.5000000000056346e-01
-1.2500000000056488e-01
-1.0000000000056630e-01
-7.5000000000567724e-02
-5.0000000000569145e-02
-2.5000000000570566e-02
-5.7198690228688065e-13
2.4999999999426592e-02
4.9999999999425171e-02
7.4999999999423750e-02
9.9999999999422329e-02
1.2499999999942091e-01
1.4999999999941949e-01
1.7499999999941807e-01
1.9999999999941664e-01
2.2499999999941522e-01
2.4999999999941380e-01
2.7499999999941238e-01
2.9999999999941096e-01
3.2499999999940954e-01
3.4999999999940812e-01
3.7499999999940670e-01
3.9999999999940528e-01
4.2499999999940385e-01
4.4999999999940243e-01
4.7499999999940101e-01
4.9999999999939959e-01
5.2499999999939817e-01
5.4999999999939675e-01
5.7499999999939533e-01
5.9999999999939391e-01
6.2499999999939249e-01
6.4999999999939106e-01
6.7499999999938964e-01
6.9999999999938822e-01
7.2499999999938680e-01
7.4999999999938538e-01
7.7499999999938396e-01
7.9999999999938254e-01
8.2499999999938112e-01
8.4999999999937970e-01
8.7499999999937828e-01
8.9999999999937685e-01
9.2499999999937543e-01
9.4999999999937401e-01
9.7499999999937259e-01
9.9999999999937117e-01
1.0249999999993697e+00
1.0499999999993683e+00
1.0749999999993669e+00
1.0999999999993655e+00
1.1249999999993641e+00
1.1499999999993626e+00
1.1749999999993612e+00
1.1999999999993598e+00
1.2249999999993584e+00
1.2499999999993570e+00
1.2749999999993555e+00
1.2999999999993541e+00
1.3249999999993527e+00
1.3499999999993513e+00
1.3749999999993499e+00
1.3999999999993484e+00
1.4249999999993470e+00
1.4499999999993456e+00
1.4749999999993442e+00
1.4999999999993427e+00
1.5249999999993413e+00
1.5499999999993399e+00
1.5749999999993385e+00
1.5999999999993371e+00
1.6249999999993356e+00
1.6499999999993342e+00
1.6749999999993328e+00
1.6999999999993314e+00
1.7249999999993300e+00
1.7499999999993285e+00
1.7749999999993271e+00
1.7999999999993257e+00
1.8249999999993243e+00
1.8499999999993229e+00
1.8749999999993214e+00
1.8999999999993200e+00
1.9249999999993186e+00
1.9499999999993172e+00
1.9749999999993157e+00
1.9999999999993143e+00
2.0249999999993129e+00
2.0499999999993115e+00
2.0749999999993101e+00
2.0999999999993086e+00
2.1249999999993072e+00
2.1499999999993058e+00
2.1749999999993044e+00
2.1999999999993030e+00
2.2249999999993015e+00
2.2499999999993001e+00
2.2749999999992987e+00
2.2999999999992973e+00
2.3249999999992959e+00
2.3499999999992944e+00
2.3749999999992930e+00
2.3999999999992916e+00
2.4249999999992902e+00
2.4499999999992887e+00
2.4749999999992873e+00
2.4999999999992859e+00
2.5249999999992845e+00
2.5499999999992831e+00
2.5749999999992816e+00
2.5999999999992802e+00
2.6249999999992788e+00
2.6499999999992774e+00
2.6749999999992760e+00
2.6999999999992745e+00
2.7249999999992731e+00
2.7499999999992717e+00
2.7749999999992703e+00
2.7999999999992689e+00
2.8249999999992674e+00
2.8499999999992660e+00
2.8749999999992646e+00
2.8999999999992632e+00
2.9249999999992617e+00
2.9499999999992603e+00
2.9749999999992589e+00
2.9999999999992575e+00
3.0249999999992561e+00
3.0499999999992546e+00
3.0749999999992532e+00
3.0999999999992518e+00
3.1249999999992504e+00
3.1499999999992490e+00
3.1749999999992475e+00
3.1999999999992461e+00
3.2249999999992447e+00
3.2499999999992433e+00
3.2749999999992419e+00
3.2999999999992404e+00
3.3249999999992390e+00
3.3499999999992376e+00
3.3749999999992362e+00
3.3999999999992347e+00
3.4249999999992333e+00
3.4499999999992319e+00
3.4749999999992305e+00
3.4999999999992291e+00
3.5249999999992276e+00
3.5499999999992262e+00
3.5749999999992248e+00
3.5999999999992234e+00
3.6249999999992220e+00
3.6499999999992205e+00
3.6749999999992191e+00
3.6999999999992177e+00
3.7249999999992163e+00
3.7499999999992149e+00
3.7749999999992134e+00
3.7999999999992120e+00
3.8249999999992106e+00
3.8499999999992092e+00
3.8749999999992077e+00
3.8999999999992063e+00
3.9249999999992049e+00
3.9499999999992035e+00
3.9749999999992021e+00
3.9999999999992006e+00
4.0249999999991992e+00
4.0499999999991978e+00
4.0749999999991964e+00
4.0999999999991950e+00
4.1249999999991935e+00
4.1499999999991921e+00
4.1749999999991907e+00
4.1999999999991893e+00
4.2249999999991878e+00
4.2499999999991864e+00
4.2749999999991850e+00
4.2999999999991836e+00
4.3249999999991822e+00
4.3499999999991807e+00
4.3749999999991793e+00
4.3999999999991779e+00
4.4249999999991765e+00
4.4499999999991751e+00
4.4749999999991736e+00
4.4999999999991722e+00
4.5249999999991708e+00
4.5499999999991694e+00
4.5749999999991680e+00
4.5999999999991665e+00
4.6249999999991651e+00
4.6499999999991637e+00
4.6749999999991623e+00
4.6999999999991608e+00
4.7249999999991594e+00
4.7499999999991580e+00
4.7749999999991566e+00
4.7999999999991552e+00
4.8249999999991537e+00
4.8499999999991523e+00
4.8749999999991509e+00
4.8999999999991495e+00
4.9249999999991481e+00
4.9499999999991466e+00
4.9749999999991452e+00
4.9999999999991438e+00
5.0249999999991424e+00
5.0499999999991410e+00
5.0749999999991395e+00
5.0999999999991381e+00
5.1249999999991367e+00
5.1499999999991353e+00
5.1749999999991338e+00
5.1999999999991324e+00
5.2249999999991310e+00
5.2499999999991296e+00
5.2749999999991282e+00
5.2999999999991267e+00
5.3249999999991253e+00
5.3499999999991239e+00
5.3749999999991225e+00
5.3999999999991211e+00
5.4249999999991196e+00
5.4499999999991182e+00
5.4749999999991168e+00
5.4999999999991154e+00
5.5249999999991140e+00
5.5499999999991125e+00
5.5749999999991111e+00
5.5999999999991097e+00
5.6249999999991083e+00
5.6499999999991068e+00
5.6749999999991054e+00
5.6999999999991040e+00
5.7249999999991026e+00
5.7499999999991012e+00
5.7749999999990997e+00
5.7999999999990983e+00
5.8249999999990969e+00
5.8499999999990955e+00
5.8749999999990941e+00
5.8999999999990926e+00
5.9249999999990912e+00
5.9499999999990898e+00
5.9749999999990884e+00
5.9999999999990870e+00
6.0249999999990855e+00
6.0499999999990841e+00
6.0749999999990827e+00
6.0999999999990813e+00
6.1249999999990798e+00
6.1499999999990784e+00
6.1749999999990770e+00
6.1999999999990756e+00
6.2249999999990742e+00
6.2499999999990727e+00
6.2749999999990713e+00
6.2999999999990699e+00
6.3249999999990685e+00
6.3499999999990671e+00
6.3749999999990656e+00
6.3999999999990642e+00
6.4249999999990628e+00
6.4499999999990614e+00
6.4749999999990600e+00
6.4999999999990585e+00
6.5249999999990571e+00
6.5499999999990557e+00
6.5749999999990543e+00
6.5999999999990528e+00
6.6249999999990514e+00
6.6499999999990500e+00
6.6749999999990486e+00
6.6999999999990472e+00
6.7249999999990457e+00
6.7499999999990443e+00
6.7749999999990429e+00
6.7999999999990415e+00
6.8249999999990401e+00
6.8499999999990386e+00
6.8749999999990372e+00
6.8999999999990358e+00
6.9249999999990344e+00
6.9499999999990330e+00
6.9749999999990315e+00
6.9999999999990301e+00
7.0249999999990287e+00
7.0499999999990273e+00
7.0749999999990258e+00
7.0999999999990244e+00
7.1249999999990230e+00
7.1499999999990216e+00
7.1749999999990202e+00
7.1999999999990187e+00
7.2249999999990173e+00
7.2499999999990159e+00
7.2749999999990145e+00
7.2999999999990131e+00
7.3249999999990116e+00
7.3499999999990102e+00
7.3749999999990088e+00
7.3999999999990074e+00
7.4249999999990060e+00
7.4499999999990045e+00
7.4749999999990031e+00
7.4999999999990017e+00
7.5249999999990003e+00
7.5499999999989988e+00
7.5749999999989974e+00
7.5999999999989960e+00
7.6249999999989946e+00
7.6499999999989932e+00
7.6749999999989917e+00
7.6999999999989903e+00
7.7249999999989889e+00
7.7499999999989875e+00
7.7749999999989861e+00
7.7999999999989846e+00
7.8249999999989832e+00
7.8499999999989818e+00
7.8749999999989804e+00
7.8999999999989790e+00
7.9249999999989775e+00
7.9499999999989761e+00
7.9749999999989747e+00
7.9999999999989733e+00
8.0249999999989718e+00
8.0499999999989704e+00
8.0749999999989690e+00
8.0999999999989676e+00
8.1249999999989662e+00
8.1499999999989647e+00
8.1749999999989633e+00
8.1999999999989619e+00
8.2249999999989605e+00
8.2499999999989591e+00
8.2749999999989576e+00
8.2999999999989562e+00
8.3249999999989548e+00
8.3499999999989534e+00
8.3749999999989519e+00
8.3999999999989505e+00
8.4249999999989491e+00
8.4499999999989477e+00
8.4749999999989463e+00
8.4999999999989448e+00
8.5249999999989434e+00
