5.0000401040414388e-01
5.0000419697999077e-01
5.0000439214553161e-01
5.0000459629112304e-01
5.0000480982458573e-01
5.0000503317191380e-01
5.0000526677814117e-01
5.0000551110813185e-01
5.0000576664743124e-01
5.0000603390320819e-01
5.0000631340516544e-01
5.0000660570652333e-01
5.0000691138503794e-01
5.0000723104406852e-01
5.0000756531366652e-01
5.0000791485177087e-01
5.0000828034535205e-01
5.0000866251170217e-01
5.0000906209973051e-01
5.0000947989130495e-01
5.0000991670266759e-01
5.0001037338593868e-01
5.0001085083058538e-01
5.0001134996508501e-01
5.0001187175851936e-01
5.0001241722233669e-01
5.0001298741216105e-01
5.0001358342962177e-01
5.0001420642432992e-01
5.0001485759589870e-01
5.0001553819601763e-01
5.0001624953068635e-01
5.0001699296247404e-01
5.0001776991288138e-01
5.0001858186479975e-01
5.0001943036508267e-01
5.0002031702721506e-01
5.0002124353404942e-01
5.0002221164072025e-01
5.0002322317760362e-01
5.0002428005340027e-01
5.0002538425841880e-01
5.0002653786789986e-01
5.0002774304546738e-01
5.0002900204675349e-01
5.0003031722318669e-01
5.0003169102583955e-01
5.0003312600947891e-01
5.0003462483678318e-01
5.0003619028265311e-01
5.0003782523877638e-01
5.0003953271826629e-01
5.0004131586053036e-01
5.0004317793633157e-01
5.0004512235295850e-01
5.0004715265969102e-01
5.0004927255335341e-01
5.0005148588416937e-01
5.0005379666175742e-01
5.0005620906135473e-01
5.0005872743029467e-01
5.0006135629467241e-01
5.0006410036625870e-01
5.0006696454965560e-01
5.0006995394969489e-01
5.0007307387911348e-01
5.0007632986644412e-01
5.0007972766417597e-01
5.0008327325728219e-01
5.0008697287186288e-01
5.0009083298423751e-01
5.0009486033023687e-01
5.0009906191479780e-01
5.0010344502189608e-01
5.0010801722481069e-01
5.0011278639660006e-01
5.0011776072107383e-01
5.0012294870394325e-01
5.0012835918436982e-01
5.0013400134684827e-01
5.0013988473349946e-01
5.0014601925658397e-01
5.0015241521146203e-01
5.0015908328997571e-01
5.0016603459398823e-01
5.0017328064953426e-01
5.0018083342116570e-01
5.0018870532678406e-01
5.0019690925271498e-01
5.0020545856931831e-01
5.0021436714683465e-01
5.0022364937168562e-01
5.0023332016309163e-01
5.0024339499009662e-01
5.0025388988893194e-01
5.0026482148075380e-01
5.0027620698965780e-01
5.0028806426118999e-01
5.0030041178096418e-01
5.0031326869381387e-01
5.0032665482308925e-01
5.0034059069033732e-01
5.0035509753516416e-01
5.0037019733541210e-01
5.0038591282753320e-01
5.0040226752714190e-01
5.0041928574977357e-01
5.0043699263171559e-01
5.0045541415099382e-01
5.0047457714840582e-01
5.0049450934852080e-01
5.0051523938074571e-01
5.0053679680017726e-01
5.0055921210844789e-01
5.0058251677427479e-01
5.0060674325378518e-01
5.0063192501048837e-01
5.0065809653485815e-01
5.0068529336337897e-01
5.0071355209702240e-01
5.0074291041906982e-01
5.0077340711206331e-01
5.0080508207394858e-01
5.0083797633316784e-01
5.0087213206252357e-01
5.0090759259193507e-01
5.0094440241958182e-01
5.0098260722154797e-01
5.0102225385975940e-01
5.0106339038789893e-01
5.0110606605527908e-01
5.0115033130832809e-01
5.0119623778968603e-01
5.0124383833437036e-01
5.0129318696313963e-01
5.0134433887251717e-01
5.0139735042129230e-01
5.0145227911336421e-01
5.0150918357641294e-01
5.0156812353624469e-01
5.0162915978637779e-01
5.0169235415265656e-01
5.0175776945242379e-01
5.0182546944788586e-01
5.0189551879336047e-01
5.0196798297587453e-01
5.0204292824882191e-01
5.0212042155807624e-01
5.0220053046022262e-01
5.0228332303232226e-01
5.0236886777282963e-01
5.0245723349294724e-01
5.0254848919805550e-01
5.0264270395856703e-01
5.0273994676955169e-01
5.0284028639880496e-01
5.0294379122227184e-01
5.0305052904669689e-01
5.0316056691846200e-01
5.0327397091816428e-01
5.0339080594014052e-01
5.0351113545623383e-01
5.0363502126314752e-01
5.0376252321270021e-01
5.0389369892401414e-01
5.0402860347725820e-01
5.0416728908784736e-01
5.0430980476062326e-01
5.0445619592309221e-01
5.0460650403703577e-01
5.0476076618782850e-01
5.0491901465059363e-01
5.0508127643258038e-01
5.0524757279113819e-01
5.0541791872642794e-01
5.0559232244842423e-01
5.0577078481750637e-01
5.0595329875809847e-01
5.0613984864490158e-01
5.0633040966116716e-01
5.0652494712868945e-01
5.0672341580916669e-01
5.0692575917672034e-01
5.0713190866137070e-01
5.0734178286339882e-01
5.0755528673871408e-01
5.0777231075530549e-01
5.0799273002108469e-01
5.0821640338355689e-01
5.0844317250192406e-01
5.0867286089218378e-01
5.0890527294634991e-01
5.0914019292666546e-01
5.0937738393622345e-01
5.0961658686731304e-01
5.0985751932937129e-01
5.1009987455824191e-01
5.1034332030907892e-01
5.1058749773510159e-01
5.1083202025511543e-01
5.1107647241240972e-01
5.1132040872854678e-01
5.1156335255529894e-01
5.1180479492867614e-01
5.1204419342906804e-01
5.1228097105190296e-01
5.1251451509351198e-01
5.1274417605730849e-01
5.1296926658550324e-01
5.1318906042205348e-01
5.1340279141280121e-01
5.1360965254908209e-01
5.1380879506125021e-01
5.1399932756908451e-01
5.1418031529605224e-01
5.1435077935489226e-01
5.1450969611197106e-01
5.1465599663832595e-01
5.1478856625526481e-01
5.1490624418266995e-01
5.1500782329827077e-01
5.1509205001617064e-01
5.1515762429292888e-01
5.1520319976958340e-01
5.1522738405798041e-01
5.1522873917935308e-01
5.1520578216336577e-01
5.1515698581539493e-01
5.1508077965931731e-01
5.1497555106330140e-01
5.1483964655499681e-01
5.1467137333261170e-01
5.1446900097738091e-01
5.1423076337264506e-01
5.1395486083372133e-01
5.1363946245228354e-01
5.1328270865788916e-01
5.1288271399854635e-01
5.1243757014103952e-01
5.1194534909089184e-01
5.1140410663057123e-01
5.1081188597339289e-01
5.1016672162940013e-01
5.0946664347823267e-01
5.0870968104254422e-01
5.0789386795440650e-01
5.0701724660546443e-01
5.0607787297052964e-01
5.0507382159266634e-01
5.0400319071651956e-01
5.0286410755524902e-01
5.0165473367505420e-01
5.0037327048001634e-01
4.9901796477856131e-01
4.9758711441189440e-01
4.9607907392331263e-01
4.9449226024656445e-01
4.9282515839017810e-01
4.9107632709411531e-01
4.8924440443417350e-01
4.8732811334903908e-01
4.8532626706460502e-01
4.8323777438952020e-01
4.8106164485614766e-01
4.7879699368095102e-01
4.7644304651854957e-01
4.7399914398404136e-01
4.7146474591882470e-01
4.6883943537570427e-01
4.6612292230015862e-01
4.6331504688550812e-01
4.6041578258118665e-01
4.5742523873448160e-01
4.5434366284791211e-01
4.5117144243589058e-01
4.4790910646630938e-01
4.4455732637361317e-01
4.4111691664040059e-01
4.3758883491777517e-01
4.3397418170873930e-01
4.3027419959676660e-01
4.2649027200110007e-01
4.2262392149237060e-01
4.1867680764924470e-01
4.1465072446998474e-01
4.1054759734594082e-01
4.0636947960779984e-01
4.0211854865730556e-01
3.9779710169955923e-01
3.9340755109299569e-01
3.8895241933607660e-01
3.8443433371167401e-01
3.7985602061166041e-01
3.7522029956582270e-01
3.7053007700070395e-01
3.6578833975489322e-01
3.6099814837862310e-01
3.5616263024610223e-01
3.5128497250983698e-01
3.4636841492651149e-01
3.4141624258437736e-01
3.3643177856203910e-01
3.3141837654854872e-01
3.2637941345432814e-01
3.2131828204197810e-01
3.1623838360544004e-01
3.1114312072511546e-01
3.0603589012567600e-01
3.0092007566210754e-01
2.9579904145844438e-01
2.9067612522221964e-01
2.8555463175630175e-01
2.8043782668825767e-01
2.7532893043576617e-01
2.7023111242501063e-01
2.6514748557730367e-01
2.6008110107737847e-01
2.5503494343517552e-01
2.5001192585109988e-01
2.4501488589306311e-01
2.4004658149182526e-01
2.3510968725958448e-01
2.3020679113494444e-01
2.2534039135595110e-01
2.2051289376121463e-01
2.1572660941777455e-01
2.1098375257282231e-01
2.0628643892519238e-01
2.0163668421120770e-01
1.9703640309832982e-01
1.9248740837899486e-01
1.8799141045602369e-01
1.8355001711013766e-01
1.7916473353928145e-01
1.7483696265877111e-01
1.7056800565071809e-01
1.6635906275058862e-01
1.6221123425841055e-01
1.5812552176174233e-01
1.5410282955731938e-01
1.5014396625807200e-01
1.4624964657212505e-01
1.4242049324040956e-01
1.3865703911946028e-01
1.3495972939621015e-01
1.3132892392163026e-01
1.2776489965037682e-01
1.2426785317383765e-01
1.2083790333427315e-01
1.1747509390812448e-01
1.1417939634694985e-01
1.1095071256483802e-01
1.0778887776163293e-01
1.0469366327173983e-01
1.0166477942878975e-01
9.8701878436915622e-02
9.5804557239922636e-02
9.2972360380139979e-02
9.0204782839256772e-02
8.7501272853977963e-02
8.4861234699826552e-02
8.2284031436967706e-02
7.9768987612399839e-02
7.7315391913365089e-02
7.4922499767326442e-02
7.2589535884312786e-02
7.0315696737898142e-02
6.8100152981523748e-02
6.5942051797290013e-02
6.3840519174754806e-02
6.1794662117670970e-02
5.9803570776949526e-02
5.7866320508505251e-02
5.5981973854958900e-02
5.4149582450486018e-02
5.2368188848404912e-02
5.0636828271355669e-02
4.8954530284187003e-02
4.7320320389900826e-02
4.5733221549225107e-02
4.4192255624576501e-02
4.2696444749372987e-02
4.1244812623804576e-02
3.9836385738333299e-02
3.8470194526323331e-02
3.7145274447315586e-02
3.5860667002577479e-02
3.4615420684637674e-02
3.3408591862604330e-02
3.2239245605123451e-02
3.1106456442892585e-02
3.0009309072690612e-02
2.8946899004913512e-02
2.7918333156633127e-02
2.6922730392215186e-02
2.5959222013530542e-02
2.5026952201804925e-02
2.4125078413139083e-02
2.3252771729719096e-02
2.2409217168719766e-02
2.1593613950878335e-02
2.0805175730688952e-02
2.0043130790133260e-02
1.9306722197827950e-02
1.8595207935430964e-02
1.7907860993104010e-02
1.7243969435784198e-02
1.6602836441972267e-02
1.5983780316695579e-02
1.5386134480252233e-02
1.4809247434294381e-02
1.4252482706753767e-02
1.3715218777064112e-02
1.3196848983076569e-02
1.2696781411016357e-02
1.2214438769771973e-02
1.1749258250760668e-02
1.1300691374553995e-02
1.0868203825402859e-02
1.0451275274747502e-02
1.0049399194745248e-02
9.6620826628047354e-03
9.2888461580618985e-03
8.9292233506894358e-03
8.5827608848834547e-03
8.2490181563261225e-03
7.9275670848807725e-03
7.6179918832325264e-03
7.3198888221459322e-03
7.0328659929732081e-03
6.7565430680065356e-03
6.4905510592313687e-03
6.2345320760031197e-03
5.9881390821332117e-03
5.7510356528398254e-03
5.5228957319853923e-03
5.3034033899930916e-03
5.0922525828070112e-03
4.8891469122297818e-03
4.6937993879490941e-03
4.5059321915359597e-03
4.3252764426757713e-03
4.1515719678692983e-03
3.9845670718197668e-03
3.8240183117015012e-03
3.6696902744856996e-03
3.5213553574816570e-03
3.3787935522333196e-03
3.2417922318950425e-03
3.1101459421955290e-03
2.9836561960835638e-03
2.8621312721360155e-03
2.7453860167962634e-03
2.6332416504975778e-03
2.5255255777174171e-03
2.4220712009952921e-03
2.3227177389394137e-03
2.2273100482369038e-03
2.1356984496743981e-03
2.0477385581683712e-03
1.9632911167965484e-03
1.8822218348159678e-03
1.8044012296464342e-03
1.7297044727928998e-03
1.6580112396751925e-03
1.5892055633284698e-03
1.5231756919337656e-03
1.4598139501343557e-03
1.3990166040895897e-03
1.3406837302153195e-03
1.2847190875570184e-03
1.2310299937390982e-03
1.1795272044320016e-03
1.1301247962766524e-03
1.0827400532042138e-03
1.0372933560877640e-03
9.9370807566127243e-04
9.5191046864042219e-04
9.1182957697903547e-04
8.7339713019424952e-04
8.3654745069332423e-04
8.0121736203462549e-04
7.6734610005530141e-04
7.3487522679821201e-04
7.0374854717086030e-04
6.7391202826937017e-04
6.4531372130088892e-04
6.1790368603841406e-04
5.9163391774248806e-04
5.6645827648495238e-04
5.4233241881064325e-04
5.1921373167372891e-04
4.9706126858620398e-04
4.7583568791699320e-04
4.5549919328107522e-04
4.3601547595894602e-04
4.1734965928788190e-04
3.9946824496741527e-04
3.8233906122254492e-04
3.6593121276933444e-04
3.5021503252862277e-04
3.3516203503470665e-04
3.2074487148702152e-04
3.0693728639396276e-04
2.9371407575916488e-04
2.8105104676168604e-04
2.6892497888272052e-04
2.5731358643257986e-04
2.4619548243287018e-04
2.3555014380988775e-04
2.2535787785640877e-04
2.1559978992016437e-04
2.0625775227838471e-04
1.9731437415892002e-04
1.8875297286948510e-04
1.8055754599768627e-04
1.7271274464550579e-04
1.6520384766294488e-04
1.5801673684662151e-04
1.5113787306996482e-04
1.4455427331282205e-04
1.3825348855906971e-04
1.3222358253191146e-04
1.2645311123736432e-04
1.2093110328740223e-04
1.1564704097508415e-04
1.1059084207485274e-04
1.0575284234205731e-04
1.0112377868655243e-04
9.6694772996053444e-05
9.2457316585683951e-05
8.8403255250958405e-05
8.4524774902141131e-05
8.0814387758682669e-05
7.7264919083129018e-05
7.3869494434589253e-05
7.0621527422503133e-05
6.7514707942134512e-05
6.4542990873805146e-05
6.1700585228525616e-05
5.8981943723276822e-05
5.6381752769753447e-05
5.3894922860969436e-05
5.1516579340648208e-05
4.9242053540861910e-05
4.7066874273894037e-05
4.4986759664791846e-05
4.2997609311564232e-05
4.1095496760438976e-05
3.9276662284051278e-05
3.7537505950869711e-05
3.5874580974585242e-05
3.4284587332611751e-05
3.2764365643221586e-05
3.1310891291245632e-05
2.9921268792616817e-05
2.8592726388414631e-05
2.7322610859392705e-05
2.6108382552328182e-05
2.4947610609834122e-05
2.3837968395606145e-05
2.2777229107361598e-05
2.1763261570031675e-05
2.0794026202038180e-05
1.9867571147768831e-05
1.8982028569613572e-05
1.8135611093190473e-05
1.7326608399620915e-05
1.6553383958958515e-05
1.5814371899096372e-05
1.5108074004699096e-05
1.4433056840914353e-05
1.3787948996822659e-05
1.3171438443780734e-05
1.2582270004000494e-05
1.2019242924886075e-05
1.1481208554831281e-05
1.0967068116341816e-05
1.0475770572513481e-05
1.0006310583051985e-05
9.5577265461698830e-06
9.1290987228422589e-06
8.7195474400404266e-06
8.3282313696992891e-06
7.9543458802996843e-06
7.5971214580746975e-06
7.2558221949661163e-06
6.9297443405724641e-06
6.6182149154409531e-06
6.3205903831620091e-06
6.0362553788260120e-06
5.7646214915025785e-06
5.5051260984936504e-06
5.2572312492061488e-06
5.0204225965747843e-06
4.7942083740497605e-06
4.5781184162460759e-06
4.3717032214271872e-06
4.1745330540702786e-06
3.9861970858334444e-06
3.8063025733114864e-06
3.6344740710348568e-06
3.4703526782287653e-06
3.3135953179109113e-06
3.1638740469632882e-06
3.0208753958724066e-06
2.8842997368831169e-06
2.7538606793648652e-06
2.6292844912385153e-06
2.5103095453592912e-06
2.3966857897970562e-06
2.2881742409995346e-06
2.1845464988660864e-06
2.0855842827997701e-06
1.9910789878446176e-06
1.9008312600522683e-06
1.8146505902575621e-06
1.7323549254774570e-06
1.6537702971799137e-06
