-4.6250000000000000e+00
-4.5999999999999996e+00
-4.5749999999999993e+00
-4.5499999999999989e+00
-4.5249999999999986e+00
-4.4999999999999982e+00
-4.4749999999999979e+00
-4.4499999999999975e+00
-4.4249999999999972e+00
-4.3999999999999968e+00
-4.3749999999999964e+00
-4.3499999999999961e+00
-4.3249999999999957e+00
-4.2999999999999954e+00
-4.2749999999999950e+00
-4.2499999999999947e+00
-4.2249999999999943e+00
-4.1999999999999940e+00
-4.1749999999999936e+00
-4.1499999999999932e+00
-4.1249999999999929e+00
-4.0999999999999925e+00
-4.0749999999999922e+00
-4.0499999999999918e+00
-4.0249999999999915e+00
-3.9999999999999911e+00
-3.9749999999999908e+00
-3.9499999999999904e+00
-3.9249999999999901e+00
-3.8999999999999897e+00
-3.8749999999999893e+00
-3.8499999999999890e+00
-3.8249999999999886e+00
-3.7999999999999883e+00
-3.7749999999999879e+00
-3.7499999999999876e+00
-3.7249999999999872e+00
-3.6999999999999869e+00
-3.6749999999999865e+00
-3.6499999999999861e+00
-3.6249999999999858e+00
-3.5999999999999854e+00
-3.5749999999999851e+00
-3.5499999999999847e+00
-3.5249999999999844e+00
-3.4999999999999840e+00
-3.4749999999999837e+00
-3.4499999999999833e+00
-3.4249999999999829e+00
-3.3999999999999826e+00
-3.3749999999999822e+00
-3.3499999999999819e+00
-3.3249999999999815e+00
-3.2999999999999812e+00
-3.2749999999999808e+00
-3.2499999999999805e+00
-3.2249999999999801e+00
-3.1999999999999797e+00
-3.1749999999999794e+00
-3.1499999999999790e+00
-3.1249999999999787e+00
-3.0999999999999783e+00
-3.0749999999999780e+00
-3.0499999999999776e+00
-3.0249999999999773e+00
-2.9999999999999769e+00
-2.9749999999999766e+00
-2.9499999999999762e+00
-2.9249999999999758e+00
-2.8999999999999755e+00
-2.8749999999999751e+00
-2.8499999999999748e+00
-2.8249999999999744e+00
-2.7999999999999741e+00
-2.7749999999999737e+00
-2.7499999999999734e+00
-2.7249999999999730e+00
-2.6999999999999726e+00
-2.6749999999999723e+00
-2.6499999999999719e+00
-2.6249999999999716e+00
-2.5999999999999712e+00
-2.5749999999999709e+00
-2.5499999999999705e+00
-2.5249999999999702e+00
-2.4999999999999698e+00
-2.4749999999999694e+00
-2.4499999999999691e+00
-2.4249999999999687e+00
-2.3999999999999684e+00
-2.3749999999999680e+00
-2.3499999999999677e+00
-2.3249999999999673e+00
-2.2999999999999670e+00
-2.2749999999999666e+00
-2.2499999999999662e+00
-2.2249999999999659e+00
-2.1999999999999655e+00
-2.1749999999999652e+00
-2.1499999999999648e+00
-2.1249999999999645e+00
-2.0999999999999641e+00
-2.0749999999999638e+00
-2.0499999999999634e+00
-2.0249999999999631e+00
-1.9999999999999627e+00
-1.9749999999999623e+00
-1.9499999999999620e+00
-1.9249999999999616e+00
-1.8999999999999613e+00
-1.8749999999999609e+00
-1.8499999999999606e+00
-1.8249999999999602e+00
-1.7999999999999599e+00
-1.7749999999999595e+00
-1.7499999999999591e+00
-1.7249999999999588e+00
-1.6999999999999584e+00
-1.6749999999999581e+00
-1.6499999999999577e+00
-1.6249999999999574e+00
-1.5999999999999570e+00
-1.5749999999999567e+00
-1.5499999999999563e+00
-1.5249999999999559e+00
-1.4999999999999556e+00
-1.4749999999999552e+00
-1.4499999999999549e+00
-1.4249999999999545e+00
-1.3999999999999542e+00
-1.3749999999999538e+00
-1.3499999999999535e+00
-1.3249999999999531e+00
-1.2999999999999527e+00
-1.2749999999999524e+00
-1.2499999999999520e+00
-1.2249999999999517e+00
-1.1999999999999513e+00
-1.1749999999999510e+00
-1.1499999999999506e+00
-1.1249999999999503e+00
-1.0999999999999499e+00
-1.0749999999999496e+00
-1.0499999999999492e+00
-1.0249999999999488e+00
-9.9999999999994849e-01
-9.7499999999994813e-01
-9.4999999999994778e-01
-9.2499999999994742e-01
-8.9999999999994706e-01
-8.7499999999994671e-01
-8.4999999999994635e-01
-8.2499999999994600e-01
-7.9999999999994564e-01
-7.7499999999994529e-01
-7.4999999999994493e-01
-7.2499999999994458e-01
-6.9999999999994422e-01
-6.7499999999994387e-01
-6.4999999999994351e-01
-6.2499999999994316e-01
-5.9999999999994280e-01
-5.7499999999994245e-01
-5.4999999999994209e-01
-5.2499999999994174e-01
-4.9999999999994138e-01
-4.7499999999994102e-01
-4.4999999999994067e-01
-4.2499999999994031e-01
-3.9999999999993996e-01
-3.7499999999993960e-01
-3.4999999999993925e-01
-3.2499999999993889e-01
-2.9999999999993854e-01
-2.7499999999993818e-01
-2.4999999999993783e-01
-2.2499999999993747e-01
-1.9999999999993712e-01
-1.7499999999993676e-01
-1.4999999999993641e-01
-1.2499999999993605e-01
-9.9999999999935696e-02
-7.4999999999935341e-02
-4.9999999999934985e-02
-2.4999999999934630e-02
6.5725203057809267e-14
2.5000000000066080e-02
5.0000000000066436e-02
7.5000000000066791e-02
1.0000000000006715e-01
1.2500000000006750e-01
1.5000000000006786e-01
1.7500000000006821e-01
2.0000000000006857e-01
2.2500000000006892e-01
2.5000000000006928e-01
2.7500000000006963e-01
3.0000000000006999e-01
3.2500000000007034e-01
3.5000000000007070e-01
3.7500000000007105e-01
4.0000000000007141e-01
4.2500000000007176e-01
4.5000000000007212e-01
4.7500000000007248e-01
5.0000000000007283e-01
5.2500000000007319e-01
5.5000000000007354e-01
5.7500000000007390e-01
6.0000000000007425e-01
6.2500000000007461e-01
6.5000000000007496e-01
6.7500000000007532e-01
7.0000000000007567e-01
7.2500000000007603e-01
7.5000000000007638e-01
7.7500000000007674e-01
8.0000000000007709e-01
8.2500000000007745e-01
8.5000000000007780e-01
8.7500000000007816e-01
9.0000000000007851e-01
9.2500000000007887e-01
9.5000000000007923e-01
9.7500000000007958e-01
1.0000000000000799e+00
1.0250000000000803e+00
1.0500000000000806e+00
1.0750000000000810e+00
1.1000000000000814e+00
1.1250000000000817e+00
1.1500000000000821e+00
1.1750000000000824e+00
1.2000000000000828e+00
1.2250000000000831e+00
1.2500000000000835e+00
1.2750000000000838e+00
1.3000000000000842e+00
1.3250000000000846e+00
1.3500000000000849e+00
1.3750000000000853e+00
1.4000000000000856e+00
1.4250000000000860e+00
1.4500000000000863e+00
1.4750000000000867e+00
1.5000000000000870e+00
1.5250000000000874e+00
1.5500000000000878e+00
1.5750000000000881e+00
1.6000000000000885e+00
1.6250000000000888e+00
1.6500000000000892e+00
1.6750000000000895e+00
1.7000000000000899e+00
1.7250000000000902e+00
1.7500000000000906e+00
1.7750000000000909e+00
1.8000000000000913e+00
1.8250000000000917e+00
1.8500000000000920e+00
1.8750000000000924e+00
1.9000000000000927e+00
1.9250000000000931e+00
1.9500000000000934e+00
1.9750000000000938e+00
2.0000000000000941e+00
2.0250000000000945e+00
2.0500000000000949e+00
2.0750000000000952e+00
2.1000000000000956e+00
2.1250000000000959e+00
2.1500000000000963e+00
2.1750000000000966e+00
2.2000000000000970e+00
2.2250000000000973e+00
2.2500000000000977e+00
2.2750000000000981e+00
2.3000000000000984e+00
2.3250000000000988e+00
2.3500000000000991e+00
2.3750000000000995e+00
2.4000000000000998e+00
2.4250000000001002e+00
2.4500000000001005e+00
2.4750000000001009e+00
2.5000000000001013e+00
2.5250000000001016e+00
2.5500000000001020e+00
2.5750000000001023e+00
2.6000000000001027e+00
2.6250000000001030e+00
2.6500000000001034e+00
2.6750000000001037e+00
2.7000000000001041e+00
2.7250000000001044e+00
2.7500000000001048e+00
2.7750000000001052e+00
2.8000000000001055e+00
2.8250000000001059e+00
2.8500000000001062e+00
2.8750000000001066e+00
2.9000000000001069e+00
2.9250000000001073e+00
2.9500000000001076e+00
2.9750000000001080e+00
3.0000000000001084e+00
