2.4999835706452034e-01
2.4999828234969401e-01
2.4999820429145503e-01
2.4999812274527722e-01
2.4999803755610062e-01
2.4999794856661550e-01
2.4999785561110466e-01
2.4999775851508099e-01
2.4999765709999444e-01
2.4999755117890476e-01
2.4999744055414119e-01
2.4999732502249872e-01
2.4999720437233552e-01
2.4999707838211904e-01
2.4999694682032514e-01
2.4999680944835267e-01
2.4999666601607284e-01
2.4999651626287989e-01
2.4999635991715019e-01
2.4999619669610995e-01
2.4999602630729978e-01
2.4999584844257416e-01
2.4999566278625585e-01
2.4999546900395719e-01
2.4999526675067507e-01
2.4999505566913216e-01
2.4999483538449363e-01
2.4999460550708319e-01
2.4999436563411548e-01
2.4999411534277360e-01
2.4999385419670261e-01
2.4999358173908526e-01
2.4999329749913590e-01
2.4999300098201793e-01
2.4999269167638616e-01
2.4999236905110367e-01
2.4999203255142399e-01
2.4999168160617202e-01
2.4999131561505150e-01
2.4999093395853267e-01
2.4999053599171361e-01
2.4999012104678986e-01
2.4998968842655067e-01
2.4998923740970280e-01
2.4998876724840446e-01
2.4998827716102001e-01
2.4998776634279674e-01
2.4998723395528044e-01
2.4998667912768013e-01
2.4998610096017648e-01
2.4998549851445651e-01
2.4998487082173115e-01
2.4998421687609129e-01
2.4998353563510634e-01
2.4998282601658017e-01
2.4998208690066726e-01
2.4998131712740035e-01
2.4998051549533917e-01
2.4997968075999388e-01
2.4997881163037672e-01
2.4997790677355169e-01
2.4997696481086873e-01
2.4997598431098345e-01
2.4997496379745909e-01
2.4997390174450773e-01
2.4997279656881588e-01
2.4997164663979587e-01
2.4997045027026665e-01
2.4996920571636450e-01
2.4996791117983674e-01
2.4996656480351431e-01
2.4996516466791574e-01
2.4996370879659802e-01
2.4996219514742934e-01
2.4996062161931265e-01
2.4995898604448596e-01
2.4995728618746282e-01
2.4995551975080055e-01
2.4995368436621623e-01
2.4995177759874210e-01
2.4994979694078800e-01
2.4994773981805363e-01
2.4994560358556273e-01
2.4994338552428941e-01
2.4994108284272798e-01
2.4993869268060287e-01
2.4993621210128225e-01
2.4993363809853530e-01
2.4993096759084210e-01
2.4992819742821615e-01
2.4992532438142634e-01
2.4992234515944434e-01
2.4991925639523727e-01
2.4991605465413658e-01
2.4991273643473733e-01
2.4990929816964735e-01
2.4990573623045487e-01
2.4990204692266715e-01
2.4989822649827920e-01
2.4989427115374374e-01
2.4989017703574135e-01
2.4988594024045030e-01
2.4988155682798263e-01
2.4987702281704705e-01
2.4987233420079891e-01
2.4986748694734473e-01
2.4986247700672148e-01
2.4985730032134601e-01
2.4985195283731043e-01
2.4984643050776656e-01
2.4984072931147905e-01
2.4983484525517730e-01
2.4982877439379925e-01
2.4982251284150214e-01
2.4981605678707686e-01
2.4980940250823958e-01
2.4980254639389887e-01
2.4979548495644011e-01
2.4978821485606106e-01
2.4978073292391256e-01
2.4977303618349467e-01
2.4976512187490352e-01
2.4975698748595443e-01
2.4974863077792309e-01
2.4974004981670195e-01
2.4973124301066241e-01
2.4972220913902410e-01
2.4971294739892613e-01
2.4970345743708178e-01
2.4969373939861450e-01
2.4968379397411411e-01
2.4967362244314240e-01
2.4966322673339247e-01
2.4965260946946088e-01
2.4964177403648691e-01
2.4963072463911429e-01
2.4961946637099253e-01
2.4960800528033245e-01
2.4959634844759560e-01
2.4958450405992849e-01
2.4957248149692601e-01
2.4956029141425073e-01
2.4954794583936302e-01
2.4953545825942269e-01
2.4952284373103861e-01
2.4951011898470377e-01
2.4949730253063906e-01
2.4948441478429384e-01
2.4947147818337312e-01
2.4945851731574109e-01
2.4944555905700527e-01
2.4943263271010263e-01
2.4941977014978978e-01
2.4940700597503795e-01
2.4939437766937411e-01
2.4938192576654972e-01
2.4936969401995013e-01
2.4935772958251912e-01
2.4934608318828433e-01
2.4933480934949692e-01
2.4932396654425659e-01
2.4931361743140013e-01
2.4930382905062132e-01
2.4929467304084829e-01
2.4928622586670945e-01
2.4927856903844781e-01
2.4927178934909655e-01
2.4926597911020876e-01
2.4926123639080577e-01
2.4925766526894400e-01
2.4925537607555048e-01
2.4925448564879282e-01
2.4925511758668151e-01
2.4925740250509154e-01
2.4926147829009571e-01
2.4926749035580986e-01
2.4927559189596771e-01
2.4928594413883598e-01
2.4929871658939806e-01
2.4931408727411153e-01
2.4933224297253220e-01
2.4935337944606406e-01
2.4937770165105411e-01
2.4940542394397003e-01
2.4943677026975442e-01
2.4947197433521051e-01
2.4951127975700960e-01
2.4955494020102842e-01
2.4960321948753705e-01
2.4965639167471210e-01
2.4971474110507907e-01
2.4977856243135932e-01
2.4984816059939252e-01
2.4992385078649493e-01
2.5000595831067329e-01
2.5009481848366244e-01
2.5019077641404230e-01
2.5029418676405957e-01
2.5040541344020006e-01
2.5052482922826558e-01
2.5065281536027939e-01
2.5078976101136607e-01
2.5093606272816427e-01
2.5109212376853662e-01
2.5125835337278435e-01
2.5143516593567616e-01
2.5162298010453910e-01
2.5182221776516300e-01
2.5203330294848092e-01
2.5225666062302210e-01
2.5249271539213325e-01
2.5274189008627701e-01
2.5300460423681947e-01
2.5328127244886955e-01
2.5357230265122199e-01
2.5387809425038554e-01
2.5419903614617567e-01
2.5453550465392194e-01
2.5488786130305341e-01
2.5525645052083323e-01
2.5564159721656621e-01
2.5604360424939010e-01
2.5646274979392025e-01
2.5689928461110467e-01
2.5735342922869142e-01
2.5782537102564529e-01
2.5831526124837190e-01
2.5882321195563263e-01
2.5934929290181508e-01
2.5989352837790003e-01
2.6045589400769487e-01
2.6103631353485390e-01
2.6163465559493870e-01
2.6225073049964731e-01
2.6288428704258848e-01
2.6353500935357754e-01
2.6420251381713422e-01
2.6488634606904382e-01
2.6558597809575302e-01
2.6630080546893087e-01
2.6703014471630970e-01
2.6777323086465277e-01
2.6852921518926021e-01
2.6929716315924646e-01
2.7007605263953582e-01
2.7086477235426276e-01
2.7166212062982575e-01
2.7246680445732796e-01
2.7327743887977141e-01
2.7409254673945993e-01
2.7491055878924220e-01
2.7572981420938847e-01
2.7654856151925689e-01
2.7736495992228072e-01
2.7817708109338701e-01
2.7898291140186959e-01
2.7978035461164596e-01
2.8056723503160574e-01
2.8134130114429912e-01
2.8210022969930826e-01
2.8284163027855147e-01
2.8356305032494378e-01
2.8426198061907293e-01
2.8493586120309056e-01
2.8558208773314009e-01
2.8619801823605284e-01
2.8678098025457932e-01
2.8732827835806241e-01
2.8783720198161378e-01
2.8830503357055370e-01
2.8872905699189677e-01
2.8910656617760777e-01
2.8943487396029366e-01
2.8971132106054198e-01
2.8993328517497474e-01
2.9009819013366789e-01
2.9020351510898013e-01
2.9024680418334992e-01
2.9022567263500099e-01
2.9013782169635949e-01
2.8998104147127046e-01
2.8975322220492594e-01
2.8945236209986813e-01
2.8907657519301000e-01
2.8862409891429386e-01
2.8809330122980725e-01
2.8748268734380145e-01
2.8679090590777712e-01
2.8601675471399401e-01
2.8515918583091926e-01
2.8421731015811957e-01
2.8319040137719331e-01
2.8207789927094562e-01
2.8087941240002512e-01
2.7959472012451725e-01
2.7822377395451992e-01
2.7676669823271505e-01
2.7522379014626597e-01
2.7359551906766577e-01
2.7188252524069290e-01
2.7008561781031171e-01
2.6820577222868414e-01
2.6624412704027001e-01
2.6420198007968820e-01
2.6208078410013003e-01
2.5988214186860614e-01
2.5760780075486167e-01
2.5525964684347757e-01
2.5283969861700417e-01
2.5035010023467785e-01
2.4779311445431207e-01
2.4517111523434898e-01
2.4248658005637824e-01
2.3974208201330593e-01
2.3694028169883163e-01
2.3408391894837866e-01
2.3117580446432340e-01
2.2821881137091526e-01
2.2521586674035232e-01
2.2216994312353688e-01
2.1908405012623788e-01
2.1596122606826840e-01
2.1280452975510789e-01
2.0961703239775464e-01
2.0640180971098798e-01
2.0316193421645334e-01
1.9990046777684611e-01
1.9662045438819764e-01
1.9332491324637013e-01
1.9001683211104037e-01
1.8669916098140715e-01
1.8337480609950585e-01
1.8004662429305096e-01
1.7671741766536808e-01
1.7338992864333580e-01
1.7006683538653755e-01
1.6675074756091307e-01
1.6344420248007741e-01
1.6014966161070432e-01
1.5686950744317008e-01
1.5360604072076467e-01
1.5036147802410538e-01
1.4713794970141569e-01
1.4393749813873413e-01
1.4076207635980126e-01
1.3761354694520977e-01
1.3449368125835903e-01
1.3140415896947111e-01
1.2834656785990584e-01
1.2532240389834060e-01
1.2233307157081774e-01
1.1937988445350295e-01
1.1646406601195269e-01
1.1358675061254120e-01
1.1074898473210754e-01
1.0795172834973665e-01
1.0519585650793190e-01
1.0248216102664570e-01
9.9811352357601135e-02
9.7184061564069224e-02
9.4600842412731867e-02
9.2062173564705058e-02
8.9568460852032655e-02
8.7120039628300283e-02
8.4717177180629016e-02
8.2360075192733639e-02
8.0048872246524128e-02
7.7783646354145669e-02
7.5564417508427434e-02
7.3391150244280973e-02
7.1263756201659728e-02
6.9182096682085609e-02
6.7145985191319063e-02
6.5155189960930004e-02
6.3209436443072392e-02
6.1308409771768602e-02
5.9451757185861792e-02
5.7639090408465016e-02
5.5869987978858823e-02
5.4143997532735355e-02
5.2460638027279891e-02
5.0819401908362302e-02
4.9219757216932614e-02
4.7661149632797259e-02
4.6143004453261832e-02
4.4664728506092113e-02
4.3225711994998681e-02
4.1825330276752379e-02
4.0462945570122449e-02
3.9137908595253498e-02
3.7849560144497640e-02
3.6597232584323791e-02
3.5380251288779724e-02
3.4197936005292459e-02
3.3049602153460950e-02
3.1934562057797475e-02
3.0852126115545830e-02
2.9801603900837324e-02
2.8782305206267053e-02
2.7793541023782703e-02
2.6834624465853871e-02
2.5904871628862548e-02
2.5003602400448119e-02
2.4130141211981961e-02
2.3283817738676230e-02
2.2463967548416133e-02
2.1669932701425233e-02
2.0901062302697816e-02
2.0156713008677767e-02
1.9436249490268932e-02
1.8739044853897241e-02
1.8064481022389736e-02
1.7411949077526620e-02
1.6780849565998159e-02
1.6170592770401115e-02
1.5580598947199681e-02
1.5010298533076311e-02
1.4459132321467442e-02
1.3926551610875866e-02
1.3412018326360055e-02
1.2915005115902031e-02
1.2434995423105152e-02
1.1971483537429432e-02
1.1523974623647754e-02
1.1091984731645081e-02
1.0675040787898781e-02
1.0272680569962930e-02
9.8844526649566507e-03
9.5099164134500140e-03
9.1486418396061475e-03
8.8002095688029386e-03
8.4642107336454081e-03
8.1402468693640307e-03
7.8279297995047029e-03
7.5268815128017499e-03
7.2367340320199387e-03
6.9571292756126588e-03
6.6877189128853841e-03
6.4281642134198392e-03
6.1781358913954778e-03
5.9373139454779473e-03
5.7053874948206212e-03
5.4820546117837401e-03
5.2670221518976608e-03
5.0600055815327935e-03
4.8607288037899807e-03
4.6689239829980789e-03
4.4843313682638598e-03
4.3066991164468146e-03
4.1357831148838642e-03
3.9713468042248679e-03
3.8131610016819322e-03
3.6610037249494576e-03
3.5146600170598806e-03
3.3739217724567915e-03
3.2385875644262447e-03
3.1084624741595001e-03
2.9833579215861085e-03
2.8630914981610436e-03
2.7474868017499368e-03
2.6363732737438644e-03
2.5295860385283015e-03
2.4269657454140375e-03
2.3283584131177865e-03
2.2336152768867986e-03
2.1425926383217154e-03
2.0551517179732835e-03
1.9711585107561047e-03
1.8904836442226371e-03
1.8130022397367268e-03
1.7385937765598200e-03
1.6671419588817657e-03
1.5985345857947989e-03
1.5326634242241724e-03
1.4694240848133629e-03
1.4087159007543466e-03
1.3504418095497948e-03
1.2945082377007794e-03
1.2408249882870318e-03
1.1893051314243448e-03
1.1398648975743091e-03
1.0924235736595629e-03
1.0469034019726479e-03
1.0032294818246201e-03
9.6132967391122557e-04
9.2113450733342190e-04
8.8257708925844900e-04
8.4559301715309097e-04
8.1012029355875879e-04
7.7609924335553704e-04
7.4347243347009100e-04
7.1218459497856754e-04
6.8218254755600134e-04
6.5341512622404323e-04
6.2583311034381146e-04
5.9938915480862737e-04
5.7403772338280711e-04
5.4973502413803888e-04
5.2643894693852862e-04
5.0410900292166365e-04
4.8270626592772945e-04
4.6219331582935102e-04
4.4253418370874447e-04
4.2369429883787574e-04
4.0564043741174959e-04
3.8834067298839183e-04
3.7176432858767314e-04
3.5588193040364210e-04
3.4066516308595488e-04
3.2608682654371147e-04
3.1212079422960443e-04
2.9874197285998240e-04
2.8592626352936482e-04
2.7365052417745904e-04
2.6189253336878686e-04
2.5063095534307196e-04
2.3984530630028817e-04
2.2951592187933997e-04
2.1962392579521589e-04
2.1015119959731459e-04
2.0108035351354582e-04
1.9239469834449082e-04
1.8407821837639944e-04
1.7611554527664314e-04
1.6849193294214698e-04
1.6119323326821010e-04
1.5420587280733360e-04
1.4751683028905137e-04
1.4111361497066063e-04
1.3498424579226192e-04
1.2911723130751214e-04
1.2350155036476533e-04
1.1812663351193144e-04
1.1298234510044030e-04
1.0805896606437147e-04
1.0334717735069703e-04
9.8838043977747379e-05
9.4522999700950752e-05
9.0393832262700515e-05
8.6442669206691415e-05
8.2661964236447266e-05
7.9044484098122060e-05
7.5583295969406289e-05
7.2271755335310140e-05
6.9103494334136415e-05
6.6072410555836534e-05
6.3172656276575250e-05
6.0398628113249889e-05
5.7744957082692255e-05
5.5206499050480261e-05
5.2778325555276464e-05
5.0455714993672914e-05
4.8234144153692969e-05
4.6109280082390916e-05
4.4076972275912792e-05
4.2133245179506700e-05
4.0274290985791155e-05
3.8496462720071046e-05
3.6796267601783097e-05
3.5170360671418062e-05
3.3615538672786494e-05
3.2128734181131554e-05
3.0707009967180282e-05
2.9347553588304831e-05
2.8047672198124607e-05
2.6804787565767819e-05
2.5616431296920853e-05
2.4480240248674839e-05
2.3393952130709654e-05
2.2355401285402184e-05
2.1362514639943945e-05
2.0413307823669497e-05
1.9505881444101916e-05
1.8638417515495504e-05
1.7809176033731179e-05
1.7016491691881354e-05
1.6258770730827276e-05
1.5534487919538289e-05
1.4842183659809777e-05
1.4180461210644284e-05
1.3547984027241900e-05
1.2943473210275802e-05
1.2365705060790666e-05
1.1813508736657158e-05
1.1285764006336899e-05
1.0781399096156023e-05
1.0299388627264461e-05
9.8387516385774146e-06
9.3985496923227612e-06
8.9778850587743167e-06
8.5758989769494189e-06
8.1917699882021724e-06
7.8247123397000115e-06
7.4739744549578136e-06
7.1388374686619674e-06
6.8186138231815921e-06
6.5126459241694873e-06
6.2203048528997885e-06
5.9409891329256015e-06
5.6741235489201962e-06
5.4191580154192445e-06
5.1755664935029219e-06
4.9428459534013298e-06
4.7205153810849148e-06
4.5081148270769857e-06
4.3052044956697004e-06
4.1113638729110614e-06
3.9261908917201752e-06
3.7493011325928520e-06
3.5803270584085011e-06
3.4189172819027176e-06
3.2647358644588775e-06
3.1174616448888370e-06
2.9767875969459922e-06
2.8424202143747299e-06
2.7140789223233298e-06
2.5914955140222051e-06
2.4744136116628659e-06
2.3625881504367421e-06
