4.9999526503653707e-01
4.9999504131246675e-01
4.9999480709413868e-01
4.9999456189355579e-01
4.9999430520026711e-01
4.9999403648034801e-01
4.9999375517533501e-01
4.9999346070111295e-01
4.9999315244675274e-01
4.9999282977329723e-01
4.9999249201249296e-01
4.9999213846546586e-01
4.9999176840133774e-01
4.9999138105578195e-01
4.9999097562951428e-01
4.9999055128671788e-01
4.9999010715339798e-01
4.9998964231566412e-01
4.9998915581793679e-01
4.9998864666107445e-01
4.9998811380041885e-01
4.9998755614375368e-01
4.9998697254917424e-01
4.9998636182286299e-01
4.9998572271676817e-01
4.9998505392618048e-01
4.9998435408720382e-01
4.9998362177411604e-01
4.9998285549661398e-01
4.9998205369693899e-01
4.9998121474687718e-01
4.9998033694462973e-01
4.9997941851154676e-01
4.9997845758872067e-01
4.9997745223343115e-01
4.9997640041543745e-01
4.9997530001310997e-01
4.9997414880939595e-01
4.9997294448761109e-01
4.9997168462705077e-01
4.9997036669841294e-01
4.9996898805902495e-01
4.9996754594786674e-01
4.9996603748038126e-01
4.9996445964306374e-01
4.9996280928782133e-01
4.9996108312609255e-01
4.9995927772271803e-01
4.9995738948955143e-01
4.9995541467880084e-01
4.9995334937608921e-01
4.9995118949322276e-01
4.9994893076065566e-01
4.9994656871963866e-01
4.9994409871403933e-01
4.9994151588182068e-01
4.9993881514616439e-01
4.9993599120622523e-01
4.9993303852750132e-01
4.9992995133180618e-01
4.9992672358682544e-01
4.9992334899524415e-01
4.9991982098342574e-01
4.9991613268962687e-01
4.9991227695172968e-01
4.9990824629447306e-01
4.9990403291616303e-01
4.9989962867484383e-01
4.9989502507390798e-01
4.9989021324712429e-01
4.9988518394306264e-01
4.9987992750889210e-01
4.9987443387352937e-01
4.9986869253011368e-01
4.9986269251778226e-01
4.9985642240272232e-01
4.9984987025847150e-01
4.9984302364544009e-01
4.9983586958962745e-01
4.9982839456050215e-01
4.9982058444801786e-01
4.9981242453873215e-01
4.9980389949099857e-01
4.9979499330919774e-01
4.9978568931697509e-01
4.9977597012945024e-01
4.9976581762436301e-01
4.9975521291211911e-01
4.9974413630469927e-01
4.9973256728339255e-01
4.9972048446531536e-01
4.9970786556867519e-01
4.9969468737673900e-01
4.9968092570046335e-01
4.9966655533974302e-01
4.9965155004323519e-01
4.9963588246671287e-01
4.9961952412990268e-01
4.9960244537175946e-01
4.9958461530413067e-01
4.9956600176376104e-01
4.9954657126258961e-01
4.9952628893628664e-01
4.9950511849098217e-01
4.9948302214813151e-01
4.9945996058746811e-01
4.9943589288798862e-01
4.9941077646691756e-01
4.9938456701659745e-01
4.9935721843924957e-01
4.9932868277955100e-01
4.9929891015497202e-01
4.9926784868381985e-01
4.9923544441093204e-01
4.9920164123096561e-01
4.9916638080922621e-01
4.9912960249998251e-01
4.9909124326221260e-01
4.9905123757272807e-01
4.9900951733662291e-01
4.9896601179499706e-01
4.9892064742990261e-01
4.9887334786646442e-01
4.9882403377212803e-01
4.9877262275298945e-01
4.9871902924716333e-01
4.9866316441514952e-01
4.9860493602715938e-01
4.9854424834736777e-01
4.9848100201505896e-01
4.9841509392263916e-01
4.9834641709049227e-01
4.9827486053865983e-01
4.9820030915533225e-01
4.9812264356214192e-01
4.9804173997625700e-01
4.9795747006927921e-01
4.9786970082295717e-01
4.9777829438173393e-01
4.9768310790215531e-01
4.9758399339917408e-01
4.9748079758939584e-01
4.9737336173132018e-01
4.9726152146264346e-01
4.9714510663469963e-01
4.9702394114412790e-01
4.9689784276187027e-01
4.9676662295961288e-01
4.9663008673380310e-01
4.9648803242738648e-01
4.9634025154942635e-01
4.9618652859278506e-01
4.9602664085006282e-01
4.9586035822801244e-01
4.9568744306066365e-01
4.9550764992141633e-01
4.9532072543438055e-01
4.9512640808526576e-01
4.9492442803214604e-01
4.9471450691645175e-01
4.9449635767456557e-01
4.9426968435042717e-01
4.9403418190957937e-01
4.9378953605511727e-01
4.9353542304603232e-01
4.9327150951847504e-01
4.9299745231049025e-01
4.9271289829081444e-01
4.9241748419235565e-01
4.9211083645101356e-01
4.9179257105053081e-01
4.9146229337410424e-01
4.9111959806351962e-01
4.9076406888661189e-01
4.9039527861389026e-01
4.9001278890520400e-01
4.8961615020736421e-01
4.8920490166367370e-01
4.8877857103635514e-01
4.8833667464290453e-01
4.8787871730743454e-01
4.8740419232810722e-01
4.8691258146179228e-01
4.8640335492711878e-01
4.8587597142712224e-01
4.8532987819272000e-01
4.8476451104827373e-01
4.8417929450052838e-01
4.8357364185223656e-01
4.8294695534180121e-01
4.8229862631028469e-01
4.8162803539714716e-01
4.8093455276608676e-01
4.8021753836235898e-01
4.7947634220295238e-01
4.7871030470099418e-01
4.7791875702574743e-01
4.7710102149954409e-01
4.7625641203297697e-01
4.7538423459964030e-01
4.7448378775167271e-01
4.7355436317730937e-01
4.7259524630159649e-01
4.7160571693135828e-01
4.7058504994543332e-01
4.6953251603111751e-01
4.6844738246765782e-01
4.6732891395753956e-01
4.6617637350619801e-01
4.6498902335066233e-01
4.6376612593750477e-01
4.6250694495032474e-01
4.6121074638683962e-01
4.5987679968548728e-01
4.5850437890126672e-01
4.5709276393035314e-01
4.5564124178282306e-01
4.5414910790261381e-01
4.5261566753362048e-01
4.5104023713060093e-01
4.4942214581332057e-01
4.4776073686211709e-01
4.4605536925281114e-01
4.4430541922862249e-01
4.4251028190648312e-01
4.4066937291486447e-01
4.3878213005995637e-01
4.3684801501675752e-01
4.3486651504135510e-01
4.3283714470039153e-01
4.3075944761344082e-01
4.2863299820374168e-01
4.2645740345247085e-01
4.2423230465148026e-01
4.2195737914917503e-01
4.1963234208397304e-01
4.1725694809956648e-01
4.1483099303600274e-01
4.1235431559041463e-01
4.0982679894106888e-01
4.0724837232825883e-01
4.0461901258545396e-01
4.0193874561402970e-01
3.9920764779484452e-01
3.9642584732990338e-01
3.9359352550735305e-01
3.9071091788309692e-01
3.8777831537239316e-01
3.8479606524491539e-01
3.8176457201690672e-01
3.7868429823425243e-01
3.7555576514052469e-01
3.7237955322432770e-01
3.6915630264057958e-01
3.6588671350071905e-01
3.6257154602721442e-01
3.5921162056817618e-01
3.5580781746834067e-01
3.5236107679318490e-01
3.4887239790346575e-01
3.4534283887803324e-01
3.4177351578335496e-01
3.3816560178880045e-01
3.3452032612736426e-01
3.3083897290215752e-01
3.2712287973965953e-01
3.2337343629139503e-01
3.1959208258637883e-01
3.1578030723735184e-01
3.1193964550450531e-01
3.0807167722106210e-01
3.0417802458573651e-01
3.0026034982773592e-01
2.9632035275058444e-01
2.9235976816164078e-01
2.8838036319474603e-01
2.8438393453396399e-01
2.8037230554679649e-01
2.7634732333627732e-01
2.7231085571975050e-01
2.6826478814649951e-01
2.6421102056169488e-01
2.6015146422838697e-01
2.5608803851746742e-01
2.5202266767623832e-01
2.4795727758624642e-01
2.4389379252106699e-01
2.3983413191469805e-01
2.3578020715114009e-01
2.3173391838559873e-01
2.2769715140755264e-01
2.2367177455568285e-01
2.1965963569436178e-01
2.1566255926105440e-01
2.1168234339359202e-01
2.0772075714584615e-01
2.0377953779985583e-01
1.9986038828195407e-01
1.9596497468989918e-01
1.9209492393744926e-01
1.8825182152222708e-01
1.8443720942211325e-01
1.8065258412478008e-01
1.7689939479434394e-01
1.7317904157847158e-01
1.6949287405863228e-01
1.6584218984554552e-01
1.6222823332123873e-01
1.5865219452850110e-01
1.5511520820790914e-01
1.5161835298199985e-01
1.4816265068559328e-01
1.4474906584070929e-01
1.4137850527399620e-01
1.3805181787408558e-01
1.3476979448581605e-01
1.3153316793782738e-01
1.2834261319961807e-01
1.2519874766378422e-01
1.2210213154881837e-01
1.1905326841754105e-01
1.1605260580596900e-01
1.1310053595718998e-01
1.1019739665461507e-01
1.0734347214881586e-01
1.0453899417202421e-01
1.0178414303427548e-01
9.9079048795112354e-02
9.6423792504732972e-02
9.3818407508463542e-02
9.1262880808460276e-02
8.8757154476596767e-02
8.6301127112568793e-02
8.3894655341348309e-02
8.1537555344238496e-02
7.9229604417922220e-02
7.6970542556054497e-02
7.4760074048122599e-02
7.2597869090486183e-02
7.0483565404709209e-02
6.8416769858506338e-02
6.6397060084845749e-02
6.4423986094976751e-02
6.2497071881382198e-02
6.0615817006892024e-02
5.8779698176432235e-02
5.6988170788123294e-02
5.5240670460681325e-02
5.3536614534313610e-02
5.1875403542535337e-02
5.0256422652567100e-02
4.8679043072200223e-02
4.7142623421239878e-02
4.5646511065852657e-02
4.4190043414355597e-02
4.2772549173186611e-02
4.1393349561991914e-02
4.0051759486953491e-02
3.8747088671658630e-02
3.7478642744984365e-02
3.6245724285631095e-02
3.5047633823092679e-02
3.3883670794994027e-02
3.2753134460862018e-02
3.1655324772521379e-02
3.0589543201424117e-02
2.9555093523329235e-02
2.8551282560848875e-02
2.7577420884468268e-02
2.6632823472729581e-02
2.5716810332344672e-02
2.4828707079068962e-02
2.3967845480228317e-02
2.3133563959843423e-02
2.2325208067341954e-02
2.1542130910888042e-02
2.0783693556391623e-02
2.0049265393287552e-02
1.9338224468195889e-02
1.8649957787591417e-02
1.7983861590621961e-02
1.7339341593222195e-02
1.6715813204672383e-02
1.6112701717750540e-02
1.5529442473621664e-02
1.4965481002599685e-02
1.4420273141906826e-02
1.3893285131541066e-02
1.3383993689346237e-02
1.2891886066360592e-02
1.2416460083499243e-02
1.1957224150603423e-02
1.1513697268865728e-02
1.1085409017615245e-02
1.0671899526420099e-02
1.0272719433437643e-02
9.8874298309144047e-03
9.5156021987091270e-03
9.1568183266830683e-03
8.8106702267721354e-03
8.4767600355256812e-03
8.1546999078669288e-03
7.8441119028001514e-03
7.5446278617600513e-03
7.2558892802692199e-03
6.9775471735404031e-03
6.7092619366314202e-03
6.4507031997321860e-03
6.2015496791353380e-03
5.9614890244146347e-03
5.7302176623084539e-03
5.5074406377796014e-03
5.2928714526971031e-03
5.0862319025608681e-03
4.8872519116660183e-03
4.6956693670802772e-03
4.5112299517852533e-03
4.3336869773105309e-03
4.1628012161684224e-03
3.9983407343768974e-03
3.8400807243386269e-03
3.6878033383252913e-03
3.5412975227982757e-03
3.4003588537795579e-03
3.2647893734700870e-03
3.1343974282971227e-03
3.0089975085569195e-03
2.8884100898047753e-03
2.7724614761307472e-03
2.6609836454463609e-03
2.5538140968952520e-03
2.4507957004889940e-03
2.3517765490582610e-03
2.2566098125989986e-03
2.1651535950833753e-03
2.0772707937959534e-03
1.9928289612467366e-03
1.9117001697044837e-03
1.8337608783859428e-03
1.7588918033293762e-03
1.6869777899739711e-03
1.6179076884603747e-03
1.5515742316616796e-03
1.4878739159486878e-03
1.4267068846881676e-03
1.3679768144680869e-03
1.3115908040394325e-03
1.2574592659601916e-03
1.2054958209233586e-03
1.1556171947474392e-03
1.1077431180048039e-03
1.0617962282604210e-03
1.0177019748909279e-03
9.7538852645167738e-04
9.3478668055731401e-04
8.9582977623956731e-04
8.5845360874429403e-04
8.2259634672834155e-04
7.8819845181552644e-04
7.5520260046992201e-04
7.2355360814370308e-04
6.9319835565601149e-04
6.6408571775865158e-04
6.3616649384391462e-04
6.0939334074943286e-04
5.8372070761468964e-04
5.5910477274363497e-04
5.3550338242778605e-04
5.1287599168420544e-04
4.9118360686285117e-04
4.7038873007797298e-04
4.5045530541847279e-04
4.3134866689246613e-04
4.1303548806164965e-04
3.9548373332150906e-04
3.7866261078387480e-04
3.6254252671885526e-04
3.4709504151373175e-04
3.3229282710699865e-04
3.1810962585635384e-04
3.0452021080010027e-04
2.9150034727209637e-04
2.7902675583109219e-04
2.6707707646600449e-04
2.5562983403941577e-04
2.4466440493232803e-04
2.3416098485395419e-04
2.2410055778109548e-04
2.1446486599241801e-04
2.0523638116371642e-04
1.9639827649102438e-04
1.8793439980920655e-04
1.7982924767443953e-04
1.7206794037975896e-04
1.6463619787361703e-04
1.5752031655215493e-04
1.5070714689665029e-04
1.4418407192834745e-04
1.3793898645361795e-04
1.3196027707312985e-04
1.2623680292942591e-04
1.2075787716802181e-04
1.1551324908783658e-04
1.1049308695745635e-04
1.0568796147441062e-04
1.0108882984530598e-04
9.6687020465315414e-05
9.2474218176162638e-05
8.8442450082368366e-05
8.4584071906141200e-05
8.0891754861897093e-05
7.7358473031980692e-05
7.3977491225736886e-05
7.0742353304643416e-05
6.7646870956764116e-05
6.4685112904317943e-05
6.1851394528681414e-05
5.9140267897651321e-05
5.6546512180290615e-05
5.4065124435163648e-05
5.1691310758237472e-05
4.9420477777183374e-05
4.7248224479258206e-05
4.5170334360377902e-05
4.3182767883416088e-05
4.1281655234169616e-05
3.9463289363829588e-05
3.7724119307181817e-05
3.6060743766134670e-05
3.4469904948534963e-05
3.2948482652584522e-05
3.1493488587511153e-05
3.0102060921478431e-05
2.8771459048039225e-05
2.7499058562748128e-05
2.6282346441848747e-05
2.5118916415242715e-05
2.4006464526229084e-05
2.2942784870775338e-05
2.1925765509345028e-05
2.0953384544562104e-05
2.0023706358238717e-05
1.9134878001531746e-05
1.8285125732223819e-05
1.7472751693347302e-05
1.6696130727585042e-05
1.5953707322089417e-05
1.5243992678562082e-05
1.4565561903630676e-05
1.3917051314745778e-05
1.3297155857002183e-05
1.2704626626462759e-05
1.2138268495731373e-05
1.1596937837683650e-05
1.1079540343420756e-05
1.0585028930662332e-05
1.0112401738940240e-05
9.6607002080950231e-06
9.2290072367121849e-06
8.8164454172657472e-06
8.4221753448620821e-06
8.0453939965979696e-06
7.6853331786634494e-06
7.3412580384321909e-06
7.0124656388902920e-06
6.6982835928584709e-06
6.3980687545628472e-06
6.1112059662060017e-06
5.8371068572828643e-06
5.5752086944753693e-06
5.3249732800458290e-06
5.0858858967317242e-06
4.8574542972242700e-06
4.6392077363896568e-06
4.4306960444656083e-06
4.2314887395366919e-06
4.0411741776600015e-06
3.8593587390783431e-06
3.6856660490210298e-06
3.5197362316529830e-06
3.3612251957910302e-06
3.2098039510622427e-06
3.0651579532329465e-06
2.9269864774886911e-06
2.7950020184951393e-06
2.6689297161175277e-06
2.5485068057221869e-06
2.4334820920276458e-06
2.3236154455151151e-06
2.2186773204487800e-06
2.1184482935953224e-06
2.0227186227695677e-06
1.9312878243690983e-06
1.8439642690952295e-06
1.7605647950908748e-06
1.6809143377576736e-06
1.6048455755452909e-06
1.5321985910351262e-06
1.4628205466688106e-06
1.3965653744988777e-06
1.3332934793649138e-06
1.2728714549233567e-06
1.2151718119829777e-06
1.1600727186209722e-06
1.1074577515765422e-06
1.0572156584399278e-06
1.0092401301750469e-06
9.6342958353328878e-07
9.1968695293459239e-07
8.7791949140977482e-07
8.3803858021516388e-07
7.9995954674698932e-07
7.6360149039870231e-07
7.2888711601946702e-07
6.9574257464651518e-07
6.6409731119791074e-07
6.3388391882554688e-07
6.0503799964093058e-07
5.7749803153850970e-07
