# imported from CLensPy src/clenspy/data/nfw_miscentering.npz @ 25ff8567 (2026-08-27); see data/nfw_off_center/import_clenspy_single_table.py
-1.3122363377404328e+01
-1.3071751560517306e+01
-1.3021139743630284e+01
-1.2970527926743264e+01
-1.2919916109856242e+01
-1.2869304292969220e+01
-1.2818692476082198e+01
-1.2768080659195176e+01
-1.2717468842308156e+01
-1.2666857025421134e+01
-1.2616245208534112e+01
-1.2565633391647090e+01
-1.2515021574760068e+01
-1.2464409757873048e+01
-1.2413797940986026e+01
-1.2363186124099004e+01
-1.2312574307211982e+01
-1.2261962490324960e+01
-1.2211350673437938e+01
-1.2160738856550918e+01
-1.2110127039663896e+01
-1.2059515222776874e+01
-1.2008903405889852e+01
-1.1958291589002830e+01
-1.1907679772115809e+01
-1.1857067955228787e+01
-1.1806456138341765e+01
-1.1755844321454743e+01
-1.1705232504567721e+01
-1.1654620687680701e+01
-1.1604008870793679e+01
-1.1553397053906657e+01
-1.1502785237019635e+01
-1.1452173420132613e+01
-1.1401561603245593e+01
-1.1350949786358571e+01
-1.1300337969471549e+01
-1.1249726152584527e+01
-1.1199114335697505e+01
-1.1148502518810485e+01
-1.1097890701923463e+01
-1.1047278885036441e+01
-1.0996667068149419e+01
-1.0946055251262397e+01
-1.0895443434375377e+01
-1.0844831617488355e+01
-1.0794219800601333e+01
-1.0743607983714311e+01
-1.0692996166827289e+01
-1.0642384349940269e+01
-1.0591772533053247e+01
-1.0541160716166225e+01
-1.0490548899279203e+01
-1.0439937082392181e+01
-1.0389325265505160e+01
-1.0338713448618138e+01
-1.0288101631731116e+01
-1.0237489814844094e+01
-1.0186877997957072e+01
-1.0136266181070052e+01
-1.0085654364183030e+01
-1.0035042547296008e+01
-9.9844307304089863e+00
-9.9338189135219643e+00
-9.8832070966349441e+00
-9.8325952797479221e+00
-9.7819834628609001e+00
-9.7313716459738782e+00
-9.6807598290868562e+00
-9.6301480121998360e+00
-9.5795361953128140e+00
-9.5289243784257920e+00
-9.4783125615387700e+00
-9.4277007446517480e+00
-9.3770889277647278e+00
-9.3264771108777058e+00
-9.2758652939906838e+00
-9.2252534771036618e+00
-9.1746416602166398e+00
-9.1240298433296196e+00
-9.0734180264425959e+00
-9.0228062095555757e+00
-8.9721943926685537e+00
-8.9215825757815317e+00
-8.8709707588945115e+00
-8.8203589420074877e+00
-8.7697471251204675e+00
-8.7191353082334455e+00
-8.6685234913464235e+00
-8.6179116744594033e+00
-8.5672998575723796e+00
-8.5166880406853593e+00
-8.4660762237983374e+00
-8.4154644069113154e+00
-8.3648525900242952e+00
-8.3142407731372714e+00
-8.2636289562502512e+00
-8.2130171393632292e+00
-8.1624053224762072e+00
-8.1117935055891870e+00
-8.0611816887021632e+00
-8.0105698718151430e+00
-7.9599580549281210e+00
-7.9093462380410990e+00
-7.8587344211540779e+00
-7.8081226042670560e+00
-7.7575107873800340e+00
-7.7068989704930129e+00
-7.6562871536059909e+00
-7.6056753367189698e+00
-7.5550635198319478e+00
-7.5044517029449258e+00
-7.4538398860579047e+00
-7.4032280691708827e+00
-7.3526162522838616e+00
-7.3020044353968396e+00
-7.2513926185098176e+00
-7.2007808016227965e+00
-7.1501689847357746e+00
-7.0995571678487526e+00
-7.0489453509617315e+00
-6.9983335340747095e+00
-6.9477217171876884e+00
-6.8971099003006664e+00
-6.8464980834136444e+00
-6.7958862665266233e+00
-6.7452744496396013e+00
-6.6946626327525802e+00
-6.6440508158655582e+00
-6.5934389989785362e+00
-6.5428271820915151e+00
-6.4922153652044932e+00
-6.4416035483174721e+00
-6.3909917314304501e+00
-6.3403799145434281e+00
-6.2897680976564070e+00
-6.2391562807693850e+00
-6.1885444638823639e+00
-6.1379326469953419e+00
-6.0873208301083199e+00
-6.0367090132212988e+00
-5.9860971963342768e+00
-5.9354853794472549e+00
-5.8848735625602338e+00
-5.8342617456732118e+00
-5.7836499287861907e+00
-5.7330381118991687e+00
-5.6824262950121467e+00
-5.6318144781251256e+00
-5.5812026612381036e+00
-5.5305908443510825e+00
-5.4799790274640605e+00
-5.4293672105770385e+00
-5.3787553936900174e+00
-5.3281435768029954e+00
-5.2775317599159743e+00
-5.2269199430289524e+00
-5.1763081261419304e+00
-5.1256963092549093e+00
-5.0750844923678873e+00
-5.0244726754808653e+00
-4.9738608585938433e+00
-4.9232490417068231e+00
-4.8726372248198011e+00
-4.8220254079327791e+00
-4.7714135910457571e+00
-4.7208017741587351e+00
-4.6701899572717149e+00
-4.6195781403846929e+00
-4.5689663234976710e+00
-4.5183545066106490e+00
-4.4677426897236270e+00
-4.4171308728366068e+00
-4.3665190559495848e+00
-4.3159072390625628e+00
-4.2652954221755408e+00
-4.2146836052885188e+00
-4.1640717884014986e+00
-4.1134599715144766e+00
-4.0628481546274546e+00
-4.0122363377404326e+00
-3.9616245208534107e+00
-3.9110127039663904e+00
-3.8604008870793685e+00
-3.8097890701923465e+00
-3.7591772533053245e+00
-3.7085654364183025e+00
-3.6579536195312823e+00
-3.6073418026442603e+00
-3.5567299857572383e+00
-3.5061181688702163e+00
-3.4555063519831943e+00
-3.4048945350961741e+00
-3.3542827182091521e+00
-3.3036709013221301e+00
-3.2530590844351082e+00
-3.2024472675480862e+00
-3.1518354506610642e+00
-3.1012236337740440e+00
-3.0506118168870220e+00
-3.0000000000000000e+00
-2.9760000000000000e+00
-2.9520000000000000e+00
-2.9279999999999999e+00
-2.9039999999999999e+00
-2.8799999999999999e+00
-2.8559999999999999e+00
-2.8319999999999999e+00
-2.8079999999999998e+00
-2.7839999999999998e+00
-2.7599999999999998e+00
-2.7359999999999998e+00
-2.7119999999999997e+00
-2.6880000000000002e+00
-2.6640000000000001e+00
-2.6400000000000001e+00
-2.6160000000000001e+00
-2.5920000000000001e+00
-2.5680000000000001e+00
-2.5440000000000000e+00
-2.5200000000000000e+00
-2.4960000000000000e+00
-2.4720000000000000e+00
-2.4480000000000000e+00
-2.4239999999999999e+00
-2.3999999999999999e+00
-2.3759999999999999e+00
-2.3519999999999999e+00
-2.3279999999999998e+00
-2.3039999999999998e+00
-2.2800000000000002e+00
-2.2560000000000002e+00
-2.2320000000000002e+00
-2.2080000000000002e+00
-2.1840000000000002e+00
-2.1600000000000001e+00
-2.1360000000000001e+00
-2.1120000000000001e+00
-2.0880000000000001e+00
-2.0640000000000001e+00
-2.0400000000000000e+00
-2.0160000000000000e+00
-1.9920000000000000e+00
-1.9680000000000000e+00
-1.9440000000000000e+00
-1.9199999999999999e+00
-1.8959999999999999e+00
-1.8719999999999999e+00
-1.8479999999999999e+00
-1.8240000000000001e+00
-1.8000000000000000e+00
-1.7760000000000000e+00
-1.7520000000000000e+00
-1.7280000000000000e+00
-1.7040000000000000e+00
-1.6799999999999999e+00
-1.6559999999999999e+00
-1.6319999999999999e+00
-1.6079999999999999e+00
-1.5840000000000001e+00
-1.5600000000000001e+00
-1.5360000000000000e+00
-1.5120000000000000e+00
-1.4880000000000000e+00
-1.4640000000000000e+00
-1.4399999999999999e+00
-1.4159999999999999e+00
-1.3919999999999999e+00
-1.3679999999999999e+00
-1.3439999999999999e+00
-1.3200000000000001e+00
-1.2960000000000000e+00
-1.2720000000000000e+00
-1.2480000000000000e+00
-1.2240000000000000e+00
-1.2000000000000000e+00
-1.1759999999999999e+00
-1.1519999999999999e+00
-1.1279999999999999e+00
-1.1039999999999999e+00
-1.0800000000000001e+00
-1.0560000000000000e+00
-1.0320000000000000e+00
-1.0080000000000000e+00
-9.8399999999999999e-01
-9.5999999999999996e-01
-9.3599999999999994e-01
-9.1199999999999992e-01
-8.8799999999999990e-01
-8.6399999999999988e-01
-8.3999999999999986e-01
-8.1599999999999984e-01
-7.9199999999999982e-01
-7.6799999999999979e-01
-7.4399999999999977e-01
-7.1999999999999975e-01
-6.9599999999999973e-01
-6.7200000000000015e-01
-6.4800000000000013e-01
-6.2400000000000011e-01
-5.9999999999999998e-01
-5.9499999999999997e-01
-5.8999999999999997e-01
-5.8499999999999996e-01
-5.7999999999999996e-01
-5.7499999999999996e-01
-5.6999999999999995e-01
-5.6499999999999995e-01
-5.5999999999999994e-01
-5.5499999999999994e-01
-5.4999999999999993e-01
-5.4499999999999993e-01
-5.4000000000000004e-01
-5.3499999999999992e-01
-5.3000000000000003e-01
-5.2500000000000002e-01
-5.2000000000000002e-01
-5.1500000000000001e-01
-5.1000000000000001e-01
-5.0500000000000000e-01
-5.0000000000000000e-01
-4.9500000000000000e-01
-4.8999999999999999e-01
-4.8499999999999999e-01
-4.7999999999999998e-01
-4.7499999999999998e-01
-4.6999999999999997e-01
-4.6499999999999997e-01
-4.5999999999999996e-01
-4.5499999999999996e-01
-4.4999999999999996e-01
-4.4499999999999995e-01
-4.3999999999999995e-01
-4.3499999999999994e-01
-4.2999999999999994e-01
-4.2499999999999993e-01
-4.1999999999999998e-01
-4.1499999999999998e-01
-4.0999999999999998e-01
-4.0499999999999997e-01
-3.9999999999999997e-01
-3.9499999999999996e-01
-3.9000000000000001e-01
-3.8500000000000001e-01
-3.8000000000000000e-01
-3.7500000000000000e-01
-3.7000000000000000e-01
-3.6499999999999999e-01
-3.5999999999999999e-01
-3.5499999999999998e-01
-3.4999999999999998e-01
-3.4499999999999997e-01
-3.3999999999999997e-01
-3.3499999999999996e-01
-3.2999999999999996e-01
-3.2499999999999996e-01
-3.1999999999999995e-01
-3.1499999999999995e-01
-3.1000000000000000e-01
-3.0499999999999999e-01
-2.9999999999999999e-01
-2.9499999999999998e-01
-2.8999999999999998e-01
-2.8499999999999998e-01
-2.7999999999999997e-01
-2.7499999999999997e-01
-2.6999999999999996e-01
-2.6499999999999996e-01
-2.5999999999999995e-01
-2.5499999999999995e-01
-2.4999999999999994e-01
-2.4500000000000000e-01
-2.3999999999999999e-01
-2.3499999999999999e-01
-2.2999999999999998e-01
-2.2499999999999998e-01
-2.1999999999999997e-01
-2.1499999999999997e-01
-2.0999999999999996e-01
-2.0499999999999996e-01
-1.9999999999999996e-01
-1.9499999999999995e-01
-1.8999999999999995e-01
-1.8499999999999994e-01
-1.7999999999999999e-01
-1.7499999999999999e-01
-1.6999999999999998e-01
-1.6499999999999998e-01
-1.5999999999999998e-01
-1.5499999999999997e-01
-1.4999999999999997e-01
-1.4499999999999996e-01
-1.3999999999999996e-01
-1.3499999999999995e-01
-1.2999999999999995e-01
-1.2499999999999994e-01
-1.2000000000000000e-01
-1.1499999999999999e-01
-1.0999999999999999e-01
-1.0499999999999998e-01
-9.9999999999999978e-02
-9.4999999999999973e-02
-8.9999999999999969e-02
-8.4999999999999964e-02
-7.9999999999999960e-02
-7.4999999999999956e-02
-6.9999999999999951e-02
-6.4999999999999947e-02
-5.9999999999999942e-02
-5.4999999999999938e-02
-4.9999999999999933e-02
-4.4999999999999929e-02
-3.9999999999999925e-02
-3.4999999999999920e-02
-2.9999999999999916e-02
-2.4999999999999911e-02
-2.0000000000000018e-02
-1.5000000000000013e-02
-1.0000000000000009e-02
-5.0000000000000044e-03
0.0000000000000000e+00
5.0000000000000044e-03
1.0000000000000009e-02
1.5000000000000013e-02
2.0000000000000018e-02
2.5000000000000022e-02
3.0000000000000027e-02
3.5000000000000031e-02
4.0000000000000036e-02
4.5000000000000040e-02
5.0000000000000044e-02
5.5000000000000049e-02
6.0000000000000053e-02
6.5000000000000058e-02
7.0000000000000062e-02
7.5000000000000067e-02
8.0000000000000071e-02
8.5000000000000075e-02
9.0000000000000080e-02
9.5000000000000084e-02
1.0000000000000009e-01
1.0499999999999998e-01
1.0999999999999999e-01
1.1499999999999999e-01
1.2000000000000000e-01
1.2500000000000000e-01
1.3000000000000000e-01
1.3500000000000001e-01
1.4000000000000001e-01
1.4500000000000002e-01
1.5000000000000002e-01
1.5500000000000003e-01
1.6000000000000003e-01
1.6500000000000004e-01
1.7000000000000004e-01
1.7500000000000004e-01
1.8000000000000005e-01
1.8500000000000005e-01
1.9000000000000006e-01
1.9500000000000006e-01
2.0000000000000007e-01
2.0500000000000007e-01
2.1000000000000008e-01
2.1500000000000008e-01
2.2000000000000008e-01
2.2500000000000009e-01
2.3000000000000009e-01
2.3499999999999999e-01
2.3999999999999999e-01
2.4500000000000000e-01
2.5000000000000000e-01
2.5500000000000000e-01
2.6000000000000001e-01
2.6500000000000001e-01
2.7000000000000002e-01
2.7500000000000002e-01
2.8000000000000003e-01
2.8500000000000003e-01
2.9000000000000004e-01
2.9500000000000004e-01
3.0000000000000004e-01
3.0500000000000005e-01
3.1000000000000005e-01
3.1500000000000006e-01
3.2000000000000006e-01
3.2500000000000007e-01
3.3000000000000007e-01
3.3500000000000008e-01
3.4000000000000008e-01
3.4500000000000008e-01
3.5000000000000009e-01
3.5500000000000009e-01
3.5999999999999999e-01
3.6499999999999999e-01
3.7000000000000000e-01
3.7500000000000000e-01
3.8000000000000000e-01
3.8500000000000001e-01
3.9000000000000001e-01
3.9500000000000002e-01
4.0000000000000002e-01
4.0500000000000014e-01
4.1000000000000003e-01
4.1500000000000015e-01
4.2000000000000004e-01
4.2499999999999993e-01
4.3000000000000005e-01
4.3499999999999994e-01
4.4000000000000006e-01
4.4499999999999995e-01
4.5000000000000007e-01
4.5499999999999996e-01
4.6000000000000008e-01
4.6499999999999997e-01
4.7000000000000008e-01
4.7499999999999998e-01
4.8000000000000009e-01
4.8499999999999999e-01
4.9000000000000010e-01
4.9500000000000000e-01
5.0000000000000011e-01
5.0500000000000000e-01
5.1000000000000012e-01
5.1500000000000001e-01
5.2000000000000013e-01
5.2500000000000002e-01
5.3000000000000014e-01
5.3500000000000003e-01
5.4000000000000015e-01
5.4500000000000004e-01
5.5000000000000016e-01
5.5500000000000005e-01
5.5999999999999994e-01
5.6500000000000006e-01
5.6999999999999995e-01
5.7500000000000007e-01
5.7999999999999996e-01
5.8500000000000008e-01
5.8999999999999997e-01
5.9500000000000008e-01
5.9999999999999998e-01
6.2400000000000000e-01
6.4800000000000002e-01
6.7199999999999993e-01
6.9599999999999995e-01
7.1999999999999997e-01
7.4399999999999999e-01
7.6800000000000002e-01
7.9200000000000004e-01
8.1599999999999995e-01
8.3999999999999997e-01
8.6399999999999999e-01
8.8800000000000001e-01
9.1199999999999992e-01
9.3599999999999994e-01
9.5999999999999996e-01
9.8399999999999999e-01
1.0080000000000000e+00
1.0320000000000000e+00
1.0560000000000000e+00
1.0800000000000001e+00
1.1040000000000001e+00
1.1280000000000001e+00
1.1520000000000001e+00
1.1760000000000002e+00
1.2000000000000000e+00
1.2240000000000000e+00
1.2480000000000000e+00
1.2720000000000000e+00
1.2960000000000000e+00
1.3199999999999998e+00
1.3439999999999999e+00
1.3679999999999999e+00
1.3919999999999999e+00
1.4159999999999999e+00
1.4399999999999999e+00
1.4640000000000000e+00
1.4880000000000000e+00
1.5120000000000000e+00
1.5360000000000000e+00
1.5600000000000001e+00
1.5840000000000001e+00
1.6080000000000001e+00
1.6320000000000001e+00
1.6560000000000001e+00
1.6800000000000002e+00
1.7040000000000002e+00
1.7280000000000002e+00
1.7520000000000002e+00
1.7759999999999998e+00
1.7999999999999998e+00
1.8239999999999998e+00
1.8479999999999999e+00
1.8719999999999999e+00
1.8959999999999999e+00
1.9199999999999999e+00
1.9440000000000000e+00
1.9680000000000000e+00
1.9920000000000000e+00
2.0160000000000000e+00
2.0400000000000000e+00
2.0640000000000001e+00
2.0880000000000001e+00
2.1120000000000001e+00
2.1360000000000001e+00
2.1600000000000001e+00
2.1840000000000002e+00
2.2080000000000002e+00
2.2320000000000002e+00
2.2560000000000002e+00
2.2799999999999998e+00
2.3039999999999998e+00
2.3279999999999998e+00
2.3519999999999999e+00
2.3759999999999999e+00
2.3999999999999999e+00
2.4239999999999999e+00
2.4480000000000000e+00
2.4720000000000000e+00
2.4960000000000000e+00
2.5200000000000000e+00
2.5440000000000000e+00
2.5680000000000001e+00
2.5920000000000001e+00
2.6160000000000001e+00
2.6400000000000001e+00
2.6640000000000001e+00
2.6880000000000002e+00
2.7120000000000002e+00
2.7360000000000002e+00
2.7600000000000002e+00
2.7840000000000003e+00
2.8080000000000003e+00
2.8320000000000003e+00
2.8560000000000003e+00
2.8800000000000003e+00
2.9040000000000004e+00
2.9279999999999999e+00
2.9520000000000000e+00
2.9760000000000000e+00
3.0000000000000000e+00
3.0621247423519917e+00
3.1242494847039839e+00
3.1863742270559756e+00
3.2484989694079673e+00
3.3106237117599595e+00
3.3727484541119512e+00
3.4348731964639430e+00
3.4969979388159351e+00
3.5591226811679268e+00
3.6212474235199190e+00
3.6833721658719107e+00
3.7454969082239025e+00
3.8076216505758946e+00
3.8697463929278864e+00
3.9318711352798781e+00
3.9939958776318703e+00
4.0561206199838615e+00
4.1182453623358537e+00
4.1803701046878459e+00
4.2424948470398380e+00
4.3046195893918293e+00
4.3667443317438215e+00
4.4288690740958128e+00
4.4909938164478049e+00
4.5531185587997971e+00
4.6152433011517893e+00
4.6773680435037805e+00
4.7394927858557727e+00
4.8016175282077640e+00
4.8637422705597562e+00
4.9258670129117483e+00
4.9879917552637405e+00
5.0501164976157318e+00
5.1122412399677239e+00
5.1743659823197152e+00
5.2364907246717074e+00
5.2986154670236996e+00
5.3607402093756917e+00
5.4228649517276830e+00
5.4849896940796752e+00
5.5471144364316665e+00
5.6092391787836586e+00
5.6713639211356508e+00
5.7334886634876430e+00
5.7956134058396342e+00
5.8577381481916264e+00
5.9198628905436177e+00
5.9819876328956099e+00
6.0441123752476020e+00
6.1062371175995942e+00
6.1683618599515864e+00
6.2304866023035776e+00
6.2926113446555689e+00
6.3547360870075611e+00
6.4168608293595533e+00
6.4789855717115454e+00
6.5411103140635376e+00
6.6032350564155289e+00
6.6653597987675202e+00
6.7274845411195123e+00
6.7896092834715045e+00
6.8517340258234967e+00
6.9138587681754888e+00
6.9759835105274801e+00
7.0381082528794723e+00
7.1002329952314636e+00
7.1623577375834557e+00
7.2244824799354479e+00
7.2866072222874392e+00
7.3487319646394313e+00
7.4108567069914235e+00
7.4729814493434148e+00
7.5351061916954070e+00
7.5972309340473991e+00
7.6593556763993904e+00
7.7214804187513826e+00
7.7836051611033747e+00
7.8457299034553660e+00
7.9078546458073582e+00
7.9699793881593504e+00
8.0321041305113425e+00
8.0942288728633329e+00
8.1563536152153269e+00
8.2184783575673173e+00
8.2806030999193094e+00
8.3427278422713016e+00
8.4048525846232920e+00
8.4669773269752859e+00
8.5291020693272763e+00
8.5912268116792685e+00
8.6533515540312607e+00
8.7154762963832528e+00
8.7776010387352450e+00
8.8397257810872354e+00
8.9018505234392293e+00
8.9639752657912197e+00
9.0261000081432119e+00
9.0882247504952041e+00
9.1503494928471962e+00
9.2124742351991884e+00
9.2745989775511788e+00
9.3367237199031727e+00
9.3988484622551631e+00
9.4609732046071553e+00
9.5230979469591475e+00
9.5852226893111379e+00
9.6473474316631318e+00
9.7094721740151222e+00
9.7715969163671144e+00
9.8337216587191065e+00
9.8958464010710987e+00
9.9579711434230909e+00
1.0020095885775081e+01
1.0082220628127075e+01
1.0144345370479066e+01
1.0206470112831058e+01
1.0268594855183050e+01
1.0330719597535040e+01
1.0392844339887034e+01
1.0454969082239025e+01
1.0517093824591017e+01
1.0579218566943009e+01
1.0641343309295001e+01
1.0703468051646993e+01
1.0765592793998984e+01
1.0827717536350978e+01
1.0889842278702968e+01
1.0951967021054960e+01
1.1014091763406952e+01
1.1076216505758945e+01
1.1138341248110937e+01
1.1200465990462927e+01
1.1262590732814919e+01
1.1324715475166911e+01
1.1386840217518904e+01
1.1448964959870896e+01
1.1511089702222888e+01
1.1573214444574878e+01
1.1635339186926871e+01
1.1697463929278863e+01
1.1759588671630855e+01
1.1821713413982847e+01
1.1883838156334839e+01
1.1945962898686830e+01
1.2008087641038822e+01
1.2070212383390814e+01
1.2132337125742806e+01
1.2194461868094798e+01
1.2256586610446790e+01
1.2318711352798781e+01
1.2380836095150773e+01
1.2442960837502765e+01
1.2505085579854757e+01
1.2567210322206749e+01
1.2629335064558742e+01
1.2691459806910732e+01
1.2753584549262724e+01
1.2815709291614716e+01
1.2877834033966709e+01
1.2939958776318701e+01
1.3002083518670693e+01
1.3064208261022683e+01
1.3126333003374675e+01
1.3188457745726668e+01
1.3250582488078660e+01
1.3312707230430652e+01
1.3374831972782644e+01
1.3436956715134635e+01
1.3499081457486627e+01
1.3561206199838619e+01
1.3623330942190611e+01
1.3685455684542603e+01
1.3747580426894595e+01
1.3809705169246586e+01
1.3871829911598578e+01
1.3933954653950570e+01
1.3996079396302562e+01
1.4058204138654554e+01
1.4120328881006547e+01
1.4182453623358537e+01
1.4244578365710529e+01
1.4306703108062521e+01
1.4368827850414513e+01
1.4430952592766506e+01
1.4493077335118498e+01
1.4555202077470488e+01
1.4617326819822480e+01
1.4679451562174473e+01
1.4741576304526465e+01
1.4803701046878457e+01
1.4865825789230449e+01
1.4927950531582439e+01
1.4990075273934432e+01
1.5052200016286424e+01
1.5114324758638416e+01
1.5176449500990408e+01
1.5238574243342400e+01
1.5300698985694392e+01
1.5362823728046383e+01
1.5424948470398375e+01
