# imported from CLensPy src/clenspy/data/nfw_miscentering.npz @ 25ff8567 (2026-08-27); see data/nfw_off_center/import_clenspy_single_table.py
-6.9077552789821368e+00
-6.8638677760476741e+00
-6.8199802731132113e+00
-6.7760927701787486e+00
-6.7322052672442867e+00
-6.6883177643098239e+00
-6.6444302613753612e+00
-6.6005427584408984e+00
-6.5566552555064357e+00
-6.5127677525719729e+00
-6.4688802496375102e+00
-6.4249927467030474e+00
-6.3811052437685856e+00
-6.3372177408341228e+00
-6.2933302378996601e+00
-6.2494427349651973e+00
-6.2055552320307346e+00
-6.1616677290962718e+00
-6.1177802261618091e+00
-6.0738927232273472e+00
-6.0300052202928844e+00
-5.9861177173584217e+00
-5.9422302144239589e+00
-5.8983427114894962e+00
-5.8544552085550334e+00
-5.8105677056205707e+00
-5.7666802026861088e+00
-5.7227926997516452e+00
-5.6789051968171833e+00
-5.6350176938827206e+00
-5.5911301909482578e+00
-5.5472426880137951e+00
-5.5033551850793323e+00
-5.4594676821448704e+00
-5.4155801792104068e+00
-5.3716926762759449e+00
-5.3278051733414822e+00
-5.2839176704070194e+00
-5.2400301674725567e+00
-5.1961426645380939e+00
-5.1522551616036312e+00
-5.1083676586691684e+00
-5.0644801557347066e+00
-5.0205926528002438e+00
-4.9767051498657811e+00
-4.9328176469313183e+00
-4.8889301439968555e+00
-4.8450426410623928e+00
-4.8011551381279300e+00
-4.7572676351934682e+00
-4.7133801322590045e+00
-4.6694926293245427e+00
-4.6256051263900799e+00
-4.5817176234556172e+00
-4.5378301205211544e+00
-4.4939426175866917e+00
-4.4500551146522298e+00
-4.4061676117177662e+00
-4.3622801087833043e+00
-4.3183926058488415e+00
-4.2745051029143788e+00
-4.2306175999799160e+00
-4.1867300970454533e+00
-4.1428425941109914e+00
-4.0989550911765278e+00
-4.0550675882420659e+00
-4.0111800853076032e+00
-3.9672925823731404e+00
-3.9234050794386777e+00
-3.8795175765042149e+00
-3.8356300735697526e+00
-3.7917425706352899e+00
-3.7478550677008271e+00
-3.7039675647663644e+00
-3.6600800618319020e+00
-3.6161925588974393e+00
-3.5723050559629765e+00
-3.5284175530285138e+00
-3.4845300500940515e+00
-3.4406425471595887e+00
-3.3967550442251260e+00
-3.3528675412906637e+00
-3.3089800383562009e+00
-3.2650925354217382e+00
-3.2212050324872754e+00
-3.1773175295528131e+00
-3.1334300266183504e+00
-3.0895425236838876e+00
-3.0456550207494248e+00
-3.0017675178149625e+00
-2.9578800148804998e+00
-2.9139925119460370e+00
-2.8701050090115743e+00
-2.8262175060771115e+00
-2.7823300031426488e+00
-2.7384425002081869e+00
-2.6945549972737242e+00
-2.6506674943392614e+00
-2.6067799914047987e+00
-2.5628924884703359e+00
-2.5190049855358732e+00
-2.4751174826014104e+00
-2.4312299796669485e+00
-2.3873424767324858e+00
-2.3434549737980230e+00
-2.2995674708635603e+00
-2.2556799679290975e+00
-2.2117924649946348e+00
-2.1679049620601720e+00
-2.1240174591257093e+00
-2.0801299561912474e+00
-2.0362424532567847e+00
-1.9923549503223219e+00
-1.9484674473878592e+00
-1.9045799444533964e+00
-1.8606924415189336e+00
-1.8168049385844709e+00
-1.7729174356500090e+00
-1.7290299327155463e+00
-1.6851424297810835e+00
-1.6412549268466208e+00
-1.5973674239121580e+00
-1.5534799209776953e+00
-1.5095924180432325e+00
-1.4657049151087698e+00
-1.4218174121743079e+00
-1.3779299092398452e+00
-1.3340424063053824e+00
-1.2901549033709196e+00
-1.2462674004364569e+00
-1.2023798975019941e+00
-1.1584923945675314e+00
-1.1146048916330695e+00
-1.0707173886986068e+00
-1.0268298857641440e+00
-9.8294238282968127e-01
-9.3905487989521852e-01
-8.9516737696075577e-01
-8.5127987402629302e-01
-8.0739237109183026e-01
-7.6350486815736840e-01
-7.1961736522290565e-01
-6.7572986228844290e-01
-6.3184235935398014e-01
-5.8795485641951739e-01
-5.4406735348505464e-01
-5.0017985055059189e-01
-4.5629234761613002e-01
-4.1240484468166727e-01
-3.6851734174720452e-01
-3.2462983881274177e-01
-2.8074233587827901e-01
-2.3685483294381626e-01
-1.9296733000935351e-01
-1.4907982707489076e-01
-1.0519232414042889e-01
-6.1304821205966142e-02
-1.7417318271503390e-02
2.6470184662959362e-02
7.0357687597422114e-02
1.1424519053188487e-01
1.5813269346634762e-01
2.0202019640080948e-01
2.4590769933527223e-01
2.8979520226973499e-01
3.3368270520419774e-01
3.7757020813866049e-01
4.2145771107312324e-01
4.6534521400758599e-01
5.0923271694204875e-01
5.5312021987651061e-01
5.9700772281097336e-01
6.4089522574543611e-01
6.8478272867989887e-01
7.2867023161436162e-01
7.7255773454882437e-01
8.1644523748328712e-01
8.6033274041774899e-01
9.0422024335221174e-01
9.4810774628667449e-01
9.9199524922113724e-01
1.0358827521556000e+00
1.0797702550900627e+00
1.1236577580245246e+00
1.1675452609589883e+00
1.2114327638934501e+00
1.2553202668279138e+00
1.2992077697623756e+00
1.3430952726968393e+00
1.3869827756313011e+00
1.4308702785657630e+00
1.4747577815002266e+00
1.5186452844346885e+00
1.5625327873691521e+00
1.6064202903036140e+00
1.6503077932380776e+00
1.6941952961725395e+00
1.7380827991070014e+00
1.7819703020414650e+00
1.8258578049759269e+00
1.8697453079103905e+00
1.9136328108448524e+00
1.9575203137793160e+00
2.0014078167137779e+00
2.0452953196482397e+00
2.0891828225827034e+00
2.1330703255171652e+00
2.1769578284516289e+00
2.2208453313860907e+00
2.2647328343205544e+00
2.3086203372550163e+00
2.3525078401894781e+00
2.3963953431239418e+00
2.4402828460584036e+00
2.4841703489928673e+00
2.5280578519273291e+00
2.5719453548617928e+00
2.6158328577962546e+00
2.6597203607307183e+00
2.7036078636651801e+00
2.7474953665996420e+00
2.7913828695341056e+00
2.8352703724685675e+00
2.8791578754030311e+00
2.9230453783374930e+00
2.9669328812719566e+00
3.0108203842064185e+00
3.0547078871408804e+00
3.0985953900753440e+00
3.1424828930098059e+00
3.1863703959442695e+00
3.2302578988787314e+00
3.2741454018131950e+00
3.3180329047476569e+00
3.3619204076821187e+00
3.4058079106165824e+00
3.4496954135510443e+00
3.4935829164855079e+00
3.5374704194199698e+00
3.5813579223544334e+00
3.6252454252888953e+00
3.6691329282233571e+00
3.7130204311578208e+00
3.7569079340922826e+00
3.8007954370267463e+00
3.8446829399612081e+00
3.8885704428956718e+00
3.9324579458301336e+00
3.9763454487645973e+00
4.0202329516990591e+00
4.0641204546335210e+00
4.1080079575679846e+00
4.1518954605024465e+00
4.1957829634369102e+00
4.2396704663713720e+00
4.2835579693058357e+00
4.3274454722402975e+00
4.3713329751747594e+00
4.4152204781092230e+00
4.4591079810436849e+00
4.5029954839781485e+00
4.5468829869126104e+00
4.5907704898470740e+00
4.6346579927815359e+00
4.6785454957159978e+00
4.7224329986504614e+00
4.7663205015849233e+00
4.8102080045193869e+00
4.8540955074538488e+00
4.8979830103883124e+00
4.9418705133227743e+00
4.9857580162572379e+00
5.0296455191916998e+00
5.0735330221261616e+00
5.1174205250606253e+00
5.1613080279950871e+00
5.2051955309295508e+00
5.2490830338640126e+00
5.2929705367984763e+00
5.3368580397329382e+00
5.3807455426674000e+00
5.4246330456018637e+00
5.4685205485363255e+00
5.5124080514707892e+00
5.5562955544052510e+00
5.6001830573397147e+00
5.6440705602741765e+00
5.6879580632086384e+00
5.7318455661431020e+00
5.7757330690775639e+00
5.8196205720120275e+00
5.8635080749464894e+00
5.9073955778809530e+00
5.9512830808154149e+00
5.9951705837498768e+00
6.0390580866843404e+00
6.0829455896188023e+00
6.1268330925532659e+00
6.1707205954877278e+00
6.2146080984221914e+00
